Sample	Dropped	Reverse Only Surviving	Forward Only Surviving	Surviving Reads
2289_A_run376_GGTAGCAT_S4_L001_R1_001	18923.0	44036.0	415490.0	11173364.0
2289_A_run376_GGTAGCAT_S4_L002_R1_001	18277.0	40244.0	400083.0	11122485.0
2289_A_run378_GGTAGCAT_S1_L001_R1_001	51341.0	92639.0	974470.0	34186304.0
2289_A_run381_GGTAGCAT_S1_L001_R1_001	29924.0	55638.0	663488.0	11171870.0
2289_A_run381_GGTAGCAT_S1_L002_R1_001	31633.0	56860.0	712070.0	10655252.0
2289_A_run382_GGTAGCAT_S8_L001_R1_001	8072.0	17167.0	118917.0	9074519.0
2289_B_run376_ATGAGCAT_S5_L001_R1_001_f	32077.0	75735.0	654494.0	15408561.0
2289_B_run378_ATGAGCAT_S2_L001_R1_001_f	51372.0	99578.0	980025.0	29979653.0
2289_B_run381_ATGAGCAT_S2_L001_R1_001_f	69351.0	116021.0	1320769.0	18603523.0
2289_B_run381_ATGAGCAT_S2_L002_R1_001_f	70686.0	114502.0	1377684.0	17666214.0
2289_B_run382_ATGAGCAT_S9_L001_R1_001_f	6905.0	17278.0	115545.0	7685712.0
2289_C_run376_CAAAAGAT_S6_L001_R1_001_f	33992.0	82452.0	806399.0	18972461.0
2289_C_run376_CAAAAGAT_S6_L002_R1_001_f	31514.0	75032.0	765704.0	18825680.0
2289_C_run378_CAAAAGAT_S3_L001_R1_001_f	44553.0	93694.0	1000510.0	31785094.0
2289_C_run381_CAAAAGAT_S3_L001_R1_001_f	70480.0	110915.0	1503089.0	19748679.0
2289_C_run381_CAAAAGAT_S3_L002_R1_001_f	71933.0	109871.0	1570018.0	18731912.0
2289_C_run382_CAAAAGAT_S10_L001_R1_001_f	4435.0	14322.0	99010.0	7169787.0
2289_D_run376_CAACTAAT_S7_L001_R1_001_f	30238.0	78613.0	657358.0	16711408.0
2289_D_run376_CAACTAAT_S7_L002_R1_001_f	27852.0	71519.0	617890.0	16516296.0
2289_D_run378_CAACTAAT_S4_L002_R1_001_f	48671.0	104677.0	1125325.0	32718432.0
2289_D_run381_CAACTAAT_S4_L001_R1_001_f	63271.0	113540.0	1208761.0	18585302.0
2289_D_run381_CAACTAAT_S4_L002_R1_001_f	64926.0	112690.0	1272318.0	17708775.0
2289_D_run382_CAACTAAT_S15_L002_R1_001_f	7639.0	20533.0	142885.0	7151148.0
2289_E_run376_CACCGGAT_S8_L001_R1_001_f	19548.0	54211.0	475315.0	13386206.0
2289_E_run376_CACCGGAT_S8_L002_R1_001_f	18222.0	49156.0	453740.0	13273103.0
2289_E_run378_CACCGGAT_S5_L002_R1_001_f	37361.0	90475.0	970388.0	32954590.0
2289_E_run381_CACCGGAT_S5_L001_R1_001_f	48034.0	95549.0	1034649.0	17650425.0
2289_E_run381_CACCGGAT_S5_L002_R1_001_f	49678.0	95108.0	1099789.0	16769358.0
2289_E_run382_CACCGGAT_S16_L002_R1_001_f	6189.0	17271.0	119144.0	6930610.0
2289_F_run376_CACGATAT_S9_L001_R1_001_f	23792.0	61223.0	531954.0	16047936.0
2289_F_run376_CACGATAT_S9_L002_R1_001_f	22619.0	55541.0	504037.0	15763714.0
2289_F_run378_CACGATAT_S6_L002_R1_001_f	37488.0	81109.0	864161.0	31630607.0
2289_F_run381_CACGATAT_S6_L001_R1_001_f	49249.0	99341.0	1027692.0	19343398.0
2289_F_run382_CACGATAT_S17_L002_R1_001_f	6996.0	17708.0	115579.0	7315034.0
2753_A_run426_CAAAAGAT_S20_L003_R1_001	10666.0	23343.0	211556.0	3804574.0
2753_A_run426_CAAAAGAT_S20_L004_R1_001	10189.0	13267.0	157647.0	3868231.0
2753_A_run426_CAAAAGAT_S20_L005_R1_001	10113.0	13109.0	132099.0	3405056.0
2753_A_run426_CAAAAGAT_S20_L006_R1_001	100661.0	104304.0	2140798.0	32986244.0
2753_A_run426_CAAAAGAT_S20_L007_R1_001	96034.0	99029.0	2243504.0	33412671.0
2753_A_run426_CAAAAGAT_S20_L008_R1_001	95392.0	96320.0	2689189.0	32777764.0
2753_A_run430_CAAAAGAT_S5_L001_R1_001	82372.0	90764.0	1295697.0	24603147.0
2753_A_run430_CAAAAGAT_S5_L002_R1_001	83103.0	95452.0	1546074.0	24480682.0
2753_A_run430_CAAAAGAT_S5_L003_R1_001	117844.0	138455.0	1755552.0	34402917.0
2753_A_run430_CAAAAGAT_S5_L004_R1_001	76635.0	86104.0	1022776.0	23337044.0
2753_A_run430_CAAAAGAT_S5_L005_R1_001	124989.0	119314.0	2358131.0	34148902.0
2753_A_run430_CAAAAGAT_S5_L006_R1_001	117223.0	119793.0	2454960.0	32737180.0
2753_A_run430_CAAAAGAT_S5_L007_R1_001	114284.0	113599.0	2646644.0	32166516.0
2753_A_run430_CAAAAGAT_S5_L008_R1_001	108842.0	104814.0	3083131.0	31450895.0
2753_A_run432_CAAAAGAT_S14_L003_R1_001	176846.0	208525.0	3054338.0	57824209.0
2753_B_run426_CAACTAAT_S21_L003_R1_001	11676.0	25743.0	211277.0	3851217.0
2753_B_run426_CAACTAAT_S21_L004_R1_001	10942.0	14363.0	161854.0	4003000.0
2753_B_run426_CAACTAAT_S21_L005_R1_001	11580.0	15054.0	149723.0	3890608.0
2753_B_run426_CAACTAAT_S21_L006_R1_001	108632.0	108992.0	2300494.0	34509490.0
2753_B_run426_CAACTAAT_S21_L007_R1_001	103652.0	103604.0	2419272.0	34802524.0
2753_B_run426_CAACTAAT_S21_L008_R1_001	103185.0	101880.0	2870869.0	34149547.0
2753_B_run430_CAACTAAT_S6_L001_R1_001	88179.0	95969.0	1336120.0	25785365.0
2753_B_run430_CAACTAAT_S6_L002_R1_001	89153.0	101799.0	1595393.0	25379675.0
2753_B_run430_CAACTAAT_S6_L003_R1_001	93320.0	107779.0	1345403.0	26737307.0
2753_B_run430_CAACTAAT_S6_L004_R1_001	83970.0	93395.0	1079072.0	25009009.0
2753_B_run430_CAACTAAT_S6_L005_R1_001	136724.0	128008.0	2565276.0	36696375.0
2753_B_run430_CAACTAAT_S6_L006_R1_001	129541.0	131264.0	2707508.0	35588506.0
2753_B_run430_CAACTAAT_S6_L007_R1_001	126833.0	123407.0	2921357.0	34924067.0
2753_B_run430_CAACTAAT_S6_L008_R1_001	121395.0	113613.0	3442186.0	34171125.0
2753_B_run432_CAACTAAT_S15_L003_R1_001	143756.0	166510.0	2397506.0	45934045.0
2753_C_run426_CACCGGAT_S22_L003_R1_001	9327.0	20459.0	190584.0	3406169.0
2753_C_run426_CACCGGAT_S22_L004_R1_001	8766.0	11848.0	141049.0	3599521.0
2753_C_run426_CACCGGAT_S22_L005_R1_001	10179.0	13817.0	143071.0	3804958.0
2753_C_run426_CACCGGAT_S22_L006_R1_001	91824.0	93079.0	2188215.0	29568860.0
2753_C_run426_CACCGGAT_S22_L007_R1_001	88443.0	89820.0	2252065.0	30267861.0
2753_C_run426_CACCGGAT_S22_L008_R1_001	89777.0	87873.0	2674250.0	29768944.0
2753_C_run430_CACCGGAT_S7_L001_R1_001	69412.0	78371.0	1145213.0	22046298.0
2753_C_run430_CACCGGAT_S7_L002_R1_001	71347.0	83221.0	1403386.0	22154170.0
2753_C_run430_CACCGGAT_S7_L003_R1_001	118977.0	141755.0	1854721.0	36453322.0
2753_C_run430_CACCGGAT_S7_L004_R1_001	65117.0	74182.0	902035.0	20824640.0
2753_C_run430_CACCGGAT_S7_L005_R1_001	108382.0	102673.0	2266745.0	29674634.0
2753_C_run430_CACCGGAT_S7_L006_R1_001	102910.0	102962.0	2371875.0	28382855.0
2753_C_run430_CACCGGAT_S7_L007_R1_001	101536.0	97933.0	2567191.0	27898936.0
2753_C_run430_CACCGGAT_S7_L008_R1_001	98669.0	91117.0	3083053.0	27275029.0
2753_C_run432_CACCGGAT_S16_L003_R1_001	234613.0	280166.0	4289847.0	80060156.0
2753_D_run426_CACGATAT_S23_L003_R1_001	11262.0	23990.0	217189.0	3681627.0
2753_D_run426_CACGATAT_S23_L004_R1_001	11242.0	14579.0	172574.0	4076169.0
2753_D_run426_CACGATAT_S23_L005_R1_001	13706.0	17262.0	180257.0	4478522.0
2753_D_run426_CACGATAT_S23_L006_R1_001	109146.0	108087.0	2370667.0	34505711.0
2753_D_run426_CACGATAT_S23_L007_R1_001	105248.0	104597.0	2511234.0	35481255.0
2753_D_run426_CACGATAT_S23_L008_R1_001	104743.0	102412.0	2950150.0	34543697.0
2753_D_run430_CACGATAT_S8_L001_R1_001	84174.0	90034.0	1299789.0	24553962.0
2753_D_run430_CACGATAT_S8_L002_R1_001	86972.0	97213.0	1619323.0	24766141.0
2753_D_run430_CACGATAT_S8_L003_R1_001	115740.0	132465.0	1729548.0	33538866.0
2753_D_run430_CACGATAT_S8_L004_R1_001	80883.0	88300.0	1061264.0	23807116.0
2753_D_run430_CACGATAT_S8_L005_R1_001	130642.0	119619.0	2541880.0	33841753.0
2753_D_run430_CACGATAT_S8_L006_R1_001	122408.0	120488.0	2674174.0	32853358.0
2753_D_run430_CACGATAT_S8_L007_R1_001	120481.0	114779.0	2902040.0	32472125.0
2753_D_run430_CACGATAT_S8_L008_R1_001	115234.0	104892.0	3393309.0	31578734.0
2753_D_run432_CACGATAT_S1_L001_R1_001_2	194251.0	183507.0	3025304.0	49476388.0
2753_E_run426_CACTCAAT_S24_L003_R1_001	9859.0	22348.0	182326.0	3275932.0
2753_E_run426_CACTCAAT_S24_L004_R1_001	13271.0	17379.0	192904.0	4723506.0
2753_E_run426_CACTCAAT_S24_L005_R1_001	16416.0	21672.0	210932.0	5466722.0
2753_E_run426_CACTCAAT_S24_L006_R1_001	122912.0	124723.0	2687532.0	39511388.0
2753_E_run426_CACTCAAT_S24_L007_R1_001	118249.0	118423.0	2833920.0	39899594.0
2753_E_run426_CACTCAAT_S24_L008_R1_001	118037.0	115616.0	3344868.0	39122216.0
2753_E_run430_CACTCAAT_S9_L001_R1_001	93865.0	104157.0	1418577.0	27762797.0
2753_E_run430_CACTCAAT_S9_L002_R1_001	94613.0	109663.0	1703830.0	27333942.0
2753_E_run430_CACTCAAT_S9_L003_R1_001	73601.0	86094.0	1064927.0	21629130.0
2753_E_run430_CACTCAAT_S9_L004_R1_001	90477.0	101733.0	1165735.0	27184279.0
2753_E_run430_CACTCAAT_S9_L005_R1_001	147354.0	137657.0	2808624.0	39400410.0
2753_E_run430_CACTCAAT_S9_L006_R1_001	138494.0	140326.0	2969472.0	38128162.0
2753_E_run430_CACTCAAT_S9_L007_R1_001	134636.0	131483.0	3181429.0	37262258.0
2753_E_run430_CACTCAAT_S9_L008_R1_001	129704.0	121410.0	3747629.0	36264846.0
2753_E_run432_CACTCAAT_S2_L001_R1_001	82772.0	81856.0	1256244.0	22098084.0
2753_F_run426_CAGGCGAT_S25_L003_R1_001	6873.0	13872.0	156975.0	2392105.0
2753_F_run426_CAGGCGAT_S25_L004_R1_001	10948.0	14851.0	216876.0	4832391.0
2753_F_run426_CAGGCGAT_S25_L005_R1_001	13836.0	19338.0	231106.0	5548365.0
2753_F_run426_CAGGCGAT_S25_L006_R1_001	109400.0	112375.0	2571842.0	37605561.0
2753_F_run426_CAGGCGAT_S25_L007_R1_001	104894.0	109108.0	2593229.0	38682048.0
2753_F_run426_CAGGCGAT_S25_L008_R1_001	105261.0	106123.0	3116860.0	37703207.0
2753_F_run430_CAGGCGAT_S10_L001_R1_001	88146.0	98158.0	1657027.0	29734669.0
2753_F_run430_CAGGCGAT_S10_L002_R1_001	90759.0	103769.0	2052691.0	29553937.0
2753_F_run430_CAGGCGAT_S10_L003_R1_001	89567.0	104656.0	1572857.0	28770676.0
2753_F_run430_CAGGCGAT_S10_L004_R1_001	80999.0	92574.0	1293010.0	27946286.0
2753_F_run430_CAGGCGAT_S10_L005_R1_001	129097.0	119462.0	2853358.0	37122640.0
2753_F_run430_CAGGCGAT_S10_L006_R1_001	121691.0	118088.0	2927468.0	34438234.0
2753_F_run430_CAGGCGAT_S10_L007_R1_001	118425.0	111414.0	3110533.0	33428924.0
2753_F_run430_CAGGCGAT_S10_L008_R1_001	112863.0	103220.0	3588463.0	31912358.0
2753_F_run432_CAGGCGAT_S3_L001_R1_001	96447.0	96412.0	1854623.0	29229820.0
2753_G_run426_CATGGCAT_S26_L006_R1_001	66697.0	66673.0	1424813.0	19842939.0
2753_G_run426_CATGGCAT_S26_L007_R1_001	63908.0	62644.0	1491352.0	20126124.0
2753_G_run426_CATGGCAT_S26_L008_R1_001	63332.0	61947.0	1781062.0	19722875.0
2753_G_run430_CATGGCAT_S11_L001_R1_001	25082.0	27429.0	397056.0	7143969.0
2753_G_run430_CATGGCAT_S11_L002_R1_001	31530.0	35383.0	575658.0	8556084.0
2753_G_run430_CATGGCAT_S11_L003_R1_001	27130.0	31345.0	398424.0	7435280.0
2753_G_run430_CATGGCAT_S11_L004_R1_001	26877.0	29675.0	351376.0	7630720.0
2753_G_run430_CATGGCAT_S11_L005_R1_001	83311.0	78303.0	1565521.0	21103744.0
2753_G_run430_CATGGCAT_S11_L006_R1_001	78945.0	80029.0	1658603.0	20606615.0
2753_G_run430_CATGGCAT_S11_L007_R1_001	76496.0	74393.0	1769824.0	19899357.0
2753_G_run430_CATGGCAT_S11_L008_R1_001	71428.0	66132.0	2036260.0	18754317.0
2753_G_run432_CATGGCAT_S4_L002_R1_001	123732.0	130072.0	1751060.0	33587860.0
2753_H_run426_CATTTTAT_S27_L006_R1_001	63515.0	64387.0	1305345.0	20603197.0
2753_H_run426_CATTTTAT_S27_L007_R1_001	60650.0	60989.0	1381865.0	20835362.0
2753_H_run426_CATTTTAT_S27_L008_R1_001	60454.0	60504.0	1633887.0	20439577.0
2753_H_run430_CATTTTAT_S12_L001_R1_001	25842.0	27584.0	380212.0	7341950.0
2753_H_run430_CATTTTAT_S12_L002_R1_001	31627.0	36095.0	555792.0	8781247.0
2753_H_run430_CATTTTAT_S12_L003_R1_001	20417.0	23303.0	288912.0	5774744.0
2753_H_run430_CATTTTAT_S12_L004_R1_001	27638.0	29727.0	341422.0	7865223.0
2753_H_run430_CATTTTAT_S12_L005_R1_001	83392.0	77519.0	1477117.0	21973277.0
2753_H_run430_CATTTTAT_S12_L006_R1_001	78410.0	79772.0	1585705.0	21678441.0
2753_H_run430_CATTTTAT_S12_L007_R1_001	75231.0	73859.0	1672092.0	20935487.0
2753_H_run430_CATTTTAT_S12_L008_R1_001	69826.0	65886.0	1886222.0	19729066.0
2753_H_run432_CATTTTAT_S5_L002_R1_001	106173.0	109846.0	1447390.0	29358521.0
2753_I_run426_CCAACAAT_S28_L006_R1_001	57839.0	60856.0	1291085.0	18617050.0
2753_I_run426_CCAACAAT_S28_L007_R1_001	54883.0	56420.0	1345596.0	18674034.0
2753_I_run426_CCAACAAT_S28_L008_R1_001	55745.0	55444.0	1607489.0	18393522.0
2753_I_run430_CCAACAAT_S13_L001_R1_001	22705.0	26130.0	358144.0	6832527.0
2753_I_run430_CCAACAAT_S13_L002_R1_001	27306.0	32613.0	506726.0	8006336.0
2753_I_run430_CCAACAAT_S13_L003_R1_001	35254.0	41984.0	526060.0	10267074.0
2753_I_run430_CCAACAAT_S13_L004_R1_001	23683.0	27588.0	319561.0	7290634.0
2753_I_run430_CCAACAAT_S13_L005_R1_001	75327.0	72531.0	1475054.0	20120306.0
2753_I_run430_CCAACAAT_S13_L006_R1_001	72008.0	74663.0	1567866.0	19624391.0
2753_I_run430_CCAACAAT_S13_L007_R1_001	69255.0	68057.0	1657917.0	18832963.0
2753_I_run430_CCAACAAT_S13_L008_R1_001	63689.0	60519.0	1881125.0	17745836.0
2753_I_run432_CCAACAAT_S17_L003_R1_001	114651.0	136037.0	1974989.0	36541326.0
