Sample	surviving	surviving_pct	reverse_only_surviving_pct	forward_only_surviving	dropped	dropped_pct	forward_only_surviving_pct	input_read_pairs	reverse_only_surviving
2289_A_run376_GGTAGCAT_S4_L001_R1_001	11173364.0	95.89	0.38	415490.0	18923.0	0.16	3.57	11651813.0	44036.0
2289_A_run376_GGTAGCAT_S4_L002_R1_001	11122485.0	96.04	0.35	400083.0	18277.0	0.16	3.45	11581089.0	40244.0
2289_A_run378_GGTAGCAT_S1_L001_R1_001	34186304.0	96.83	0.26	974470.0	51341.0	0.15	2.76	35304754.0	92639.0
2289_A_run381_GGTAGCAT_S1_L001_R1_001	11171870.0	93.72	0.47	663488.0	29924.0	0.25	5.57	11920920.0	55638.0
2289_A_run381_GGTAGCAT_S1_L002_R1_001	10655252.0	93.01	0.5	712070.0	31633.0	0.28	6.22	11455815.0	56860.0
2289_A_run382_GGTAGCAT_S8_L001_R1_001	9074519.0	98.44	0.19	118917.0	8072.0	0.09	1.29	9218675.0	17167.0
2289_B_run376_ATGAGCAT_S5_L001_R1_001_f	15408561.0	95.29	0.47	654494.0	32077.0	0.2	4.05	16170867.0	75735.0
2289_B_run378_ATGAGCAT_S2_L001_R1_001_f	29979653.0	96.36	0.32	980025.0	51372.0	0.17	3.15	31110628.0	99578.0
2289_B_run381_ATGAGCAT_S2_L001_R1_001_f	18603523.0	92.51	0.58	1320769.0	69351.0	0.34	6.57	20109664.0	116021.0
2289_B_run381_ATGAGCAT_S2_L002_R1_001_f	17666214.0	91.87	0.6	1377684.0	70686.0	0.37	7.16	19229086.0	114502.0
2289_B_run382_ATGAGCAT_S9_L001_R1_001_f	7685712.0	98.21	0.22	115545.0	6905.0	0.09	1.48	7825440.0	17278.0
2289_C_run376_CAAAAGAT_S6_L001_R1_001_f	18972461.0	95.36	0.41	806399.0	33992.0	0.17	4.05	19895304.0	82452.0
2289_C_run376_CAAAAGAT_S6_L002_R1_001_f	18825680.0	95.57	0.38	765704.0	31514.0	0.16	3.89	19697930.0	75032.0
2289_C_run378_CAAAAGAT_S3_L001_R1_001_f	31785094.0	96.54	0.28	1000510.0	44553.0	0.14	3.04	32923851.0	93694.0
2289_C_run381_CAAAAGAT_S3_L001_R1_001_f	19748679.0	92.14	0.52	1503089.0	70480.0	0.33	7.01	21433163.0	110915.0
2289_C_run381_CAAAAGAT_S3_L002_R1_001_f	18731912.0	91.45	0.54	1570018.0	71933.0	0.35	7.66	20483734.0	109871.0
2289_C_run382_CAAAAGAT_S10_L001_R1_001_f	7169787.0	98.38	0.2	99010.0	4435.0	0.06	1.36	7287554.0	14322.0
2289_D_run376_CAACTAAT_S7_L001_R1_001_f	16711408.0	95.62	0.45	657358.0	30238.0	0.17	3.76	17477617.0	78613.0
2289_D_run376_CAACTAAT_S7_L002_R1_001_f	16516296.0	95.84	0.41	617890.0	27852.0	0.16	3.59	17233557.0	71519.0
2289_D_run378_CAACTAAT_S4_L002_R1_001_f	32718432.0	96.24	0.31	1125325.0	48671.0	0.14	3.31	33997105.0	104677.0
2289_D_run381_CAACTAAT_S4_L001_R1_001_f	18585302.0	93.06	0.57	1208761.0	63271.0	0.32	6.05	19970874.0	113540.0
2289_D_run381_CAACTAAT_S4_L002_R1_001_f	17708775.0	92.43	0.59	1272318.0	64926.0	0.34	6.64	19158709.0	112690.0
2289_D_run382_CAACTAAT_S15_L002_R1_001_f	7151148.0	97.66	0.28	142885.0	7639.0	0.1	1.95	7322205.0	20533.0
2289_E_run376_CACCGGAT_S8_L001_R1_001_f	13386206.0	96.06	0.39	475315.0	19548.0	0.14	3.41	13935280.0	54211.0
2289_E_run376_CACCGGAT_S8_L002_R1_001_f	13273103.0	96.22	0.36	453740.0	18222.0	0.13	3.29	13794221.0	49156.0
2289_E_run378_CACCGGAT_S5_L002_R1_001_f	32954590.0	96.77	0.27	970388.0	37361.0	0.11	2.85	34052814.0	90475.0
2289_E_run381_CACCGGAT_S5_L001_R1_001_f	17650425.0	93.74	0.51	1034649.0	48034.0	0.26	5.5	18828657.0	95549.0
2289_E_run381_CACCGGAT_S5_L002_R1_001_f	16769358.0	93.09	0.53	1099789.0	49678.0	0.28	6.11	18013933.0	95108.0
2289_E_run382_CACCGGAT_S16_L002_R1_001_f	6930610.0	97.98	0.24	119144.0	6189.0	0.09	1.68	7073214.0	17271.0
2289_F_run376_CACGATAT_S9_L001_R1_001_f	16047936.0	96.3	0.37	531954.0	23792.0	0.14	3.19	16664905.0	61223.0
2289_F_run376_CACGATAT_S9_L002_R1_001_f	15763714.0	96.44	0.34	504037.0	22619.0	0.14	3.08	16345911.0	55541.0
2289_F_run378_CACGATAT_S6_L002_R1_001_f	31630607.0	96.99	0.25	864161.0	37488.0	0.11	2.65	32613365.0	81109.0
2289_F_run381_CACGATAT_S6_L001_R1_001_f	19343398.0	94.27	0.48	1027692.0	49249.0	0.24	5.01	20519680.0	99341.0
2289_F_run382_CACGATAT_S17_L002_R1_001_f	7315034.0	98.12	0.24	115579.0	6996.0	0.09	1.55	7455317.0	17708.0
2753_A_run426_CAAAAGAT_S20_L003_R1_001	3804574.0	93.94	0.58	211556.0	10666.0	0.26	5.22	4050139.0	23343.0
2753_A_run426_CAAAAGAT_S20_L004_R1_001	3868231.0	95.53	0.33	157647.0	10189.0	0.25	3.89	4049334.0	13267.0
2753_A_run426_CAAAAGAT_S20_L005_R1_001	3405056.0	95.64	0.37	132099.0	10113.0	0.28	3.71	3560377.0	13109.0
2753_A_run426_CAAAAGAT_S20_L006_R1_001	32986244.0	93.36	0.3	2140798.0	100661.0	0.28	6.06	35332007.0	104304.0
2753_A_run426_CAAAAGAT_S20_L007_R1_001	33412671.0	93.2	0.28	2243504.0	96034.0	0.27	6.26	35851238.0	99029.0
2753_A_run426_CAAAAGAT_S20_L008_R1_001	32777764.0	91.92	0.27	2689189.0	95392.0	0.27	7.54	35658665.0	96320.0
2753_A_run430_CAAAAGAT_S5_L001_R1_001	24603147.0	94.37	0.35	1295697.0	82372.0	0.32	4.97	26071980.0	90764.0
2753_A_run430_CAAAAGAT_S5_L002_R1_001	24480682.0	93.42	0.36	1546074.0	83103.0	0.32	5.9	26205311.0	95452.0
2753_A_run430_CAAAAGAT_S5_L003_R1_001	34402917.0	94.48	0.38	1755552.0	117844.0	0.32	4.82	36414768.0	138455.0
2753_A_run430_CAAAAGAT_S5_L004_R1_001	23337044.0	95.17	0.35	1022776.0	76635.0	0.31	4.17	24522559.0	86104.0
2753_A_run430_CAAAAGAT_S5_L005_R1_001	34148902.0	92.92	0.32	2358131.0	124989.0	0.34	6.42	36751336.0	119314.0
2753_A_run430_CAAAAGAT_S5_L006_R1_001	32737180.0	92.4	0.34	2454960.0	117223.0	0.33	6.93	35429156.0	119793.0
2753_A_run430_CAAAAGAT_S5_L007_R1_001	32166516.0	91.8	0.32	2646644.0	114284.0	0.33	7.55	35041043.0	113599.0
2753_A_run430_CAAAAGAT_S5_L008_R1_001	31450895.0	90.51	0.3	3083131.0	108842.0	0.31	8.87	34747682.0	104814.0
2753_A_run432_CAAAAGAT_S14_L003_R1_001	57824209.0	94.39	0.34	3054338.0	176846.0	0.29	4.99	61263918.0	208525.0
2753_B_run426_CAACTAAT_S21_L003_R1_001	3851217.0	93.93	0.63	211277.0	11676.0	0.28	5.15	4099913.0	25743.0
2753_B_run426_CAACTAAT_S21_L004_R1_001	4003000.0	95.53	0.34	161854.0	10942.0	0.26	3.86	4190159.0	14363.0
2753_B_run426_CAACTAAT_S21_L005_R1_001	3890608.0	95.66	0.37	149723.0	11580.0	0.28	3.68	4066965.0	15054.0
2753_B_run426_CAACTAAT_S21_L006_R1_001	34509490.0	93.2	0.29	2300494.0	108632.0	0.29	6.21	37027608.0	108992.0
2753_B_run426_CAACTAAT_S21_L007_R1_001	34802524.0	92.98	0.28	2419272.0	103652.0	0.28	6.46	37429052.0	103604.0
2753_B_run426_CAACTAAT_S21_L008_R1_001	34149547.0	91.74	0.27	2870869.0	103185.0	0.28	7.71	37225481.0	101880.0
2753_B_run430_CAACTAAT_S6_L001_R1_001	25785365.0	94.43	0.35	1336120.0	88179.0	0.32	4.89	27305633.0	95969.0
2753_B_run430_CAACTAAT_S6_L002_R1_001	25379675.0	93.42	0.37	1595393.0	89153.0	0.33	5.87	27166020.0	101799.0
2753_B_run430_CAACTAAT_S6_L003_R1_001	26737307.0	94.53	0.38	1345403.0	93320.0	0.33	4.76	28283809.0	107779.0
2753_B_run430_CAACTAAT_S6_L004_R1_001	25009009.0	95.22	0.36	1079072.0	83970.0	0.32	4.11	26265446.0	93395.0
2753_B_run430_CAACTAAT_S6_L005_R1_001	36696375.0	92.84	0.32	2565276.0	136724.0	0.35	6.49	39526383.0	128008.0
2753_B_run430_CAACTAAT_S6_L006_R1_001	35588506.0	92.3	0.34	2707508.0	129541.0	0.34	7.02	38556819.0	131264.0
2753_B_run430_CAACTAAT_S6_L007_R1_001	34924067.0	91.67	0.32	2921357.0	126833.0	0.33	7.67	38095664.0	123407.0
2753_B_run430_CAACTAAT_S6_L008_R1_001	34171125.0	90.28	0.3	3442186.0	121395.0	0.32	9.09	37848319.0	113613.0
2753_B_run432_CAACTAAT_S15_L003_R1_001	45934045.0	94.43	0.34	2397506.0	143756.0	0.3	4.93	48641817.0	166510.0
2753_C_run426_CACCGGAT_S22_L003_R1_001	3406169.0	93.92	0.56	190584.0	9327.0	0.26	5.26	3626539.0	20459.0
2753_C_run426_CACCGGAT_S22_L004_R1_001	3599521.0	95.7	0.32	141049.0	8766.0	0.23	3.75	3761184.0	11848.0
2753_C_run426_CACCGGAT_S22_L005_R1_001	3804958.0	95.79	0.35	143071.0	10179.0	0.26	3.6	3972025.0	13817.0
2753_C_run426_CACCGGAT_S22_L006_R1_001	29568860.0	92.57	0.29	2188215.0	91824.0	0.29	6.85	31941978.0	93079.0
2753_C_run426_CACCGGAT_S22_L007_R1_001	30267861.0	92.57	0.27	2252065.0	88443.0	0.27	6.89	32698189.0	89820.0
2753_C_run426_CACCGGAT_S22_L008_R1_001	29768944.0	91.26	0.27	2674250.0	89777.0	0.28	8.2	32620844.0	87873.0
2753_C_run430_CACCGGAT_S7_L001_R1_001	22046298.0	94.46	0.34	1145213.0	69412.0	0.3	4.91	23339294.0	78371.0
2753_C_run430_CACCGGAT_S7_L002_R1_001	22154170.0	93.43	0.35	1403386.0	71347.0	0.3	5.92	23712124.0	83221.0
2753_C_run430_CACCGGAT_S7_L003_R1_001	36453322.0	94.52	0.37	1854721.0	118977.0	0.31	4.81	38568775.0	141755.0
2753_C_run430_CACCGGAT_S7_L004_R1_001	20824640.0	95.24	0.34	902035.0	65117.0	0.3	4.13	21865974.0	74182.0
2753_C_run430_CACCGGAT_S7_L005_R1_001	29674634.0	92.29	0.32	2266745.0	108382.0	0.34	7.05	32152434.0	102673.0
2753_C_run430_CACCGGAT_S7_L006_R1_001	28382855.0	91.67	0.33	2371875.0	102910.0	0.33	7.66	30960602.0	102962.0
2753_C_run430_CACCGGAT_S7_L007_R1_001	27898936.0	90.98	0.32	2567191.0	101536.0	0.33	8.37	30665596.0	97933.0
2753_C_run430_CACCGGAT_S7_L008_R1_001	27275029.0	89.29	0.3	3083053.0	98669.0	0.32	10.09	30547868.0	91117.0
2753_C_run432_CACCGGAT_S16_L003_R1_001	80060156.0	94.34	0.33	4289847.0	234613.0	0.28	5.05	84864782.0	280166.0
2753_D_run426_CACGATAT_S23_L003_R1_001	3681627.0	93.58	0.61	217189.0	11262.0	0.29	5.52	3934068.0	23990.0
2753_D_run426_CACGATAT_S23_L004_R1_001	4076169.0	95.36	0.34	172574.0	11242.0	0.26	4.04	4274564.0	14579.0
2753_D_run426_CACGATAT_S23_L005_R1_001	4478522.0	95.5	0.37	180257.0	13706.0	0.29	3.84	4689747.0	17262.0
2753_D_run426_CACGATAT_S23_L006_R1_001	34505711.0	93.02	0.29	2370667.0	109146.0	0.29	6.39	37093611.0	108087.0
2753_D_run426_CACGATAT_S23_L007_R1_001	35481255.0	92.88	0.27	2511234.0	105248.0	0.28	6.57	38202334.0	104597.0
2753_D_run426_CACGATAT_S23_L008_R1_001	34543697.0	91.63	0.27	2950150.0	104743.0	0.28	7.83	37701002.0	102412.0
2753_D_run430_CACGATAT_S8_L001_R1_001	24553962.0	94.34	0.35	1299789.0	84174.0	0.32	4.99	26027959.0	90034.0
2753_D_run430_CACGATAT_S8_L002_R1_001	24766141.0	93.21	0.37	1619323.0	86972.0	0.33	6.09	26569649.0	97213.0
2753_D_run430_CACGATAT_S8_L003_R1_001	33538866.0	94.43	0.37	1729548.0	115740.0	0.33	4.87	35516619.0	132465.0
2753_D_run430_CACGATAT_S8_L004_R1_001	23807116.0	95.09	0.35	1061264.0	80883.0	0.32	4.24	25037563.0	88300.0
2753_D_run430_CACGATAT_S8_L005_R1_001	33841753.0	92.38	0.33	2541880.0	130642.0	0.36	6.94	36633894.0	119619.0
2753_D_run430_CACGATAT_S8_L006_R1_001	32853358.0	91.85	0.34	2674174.0	122408.0	0.34	7.48	35770428.0	120488.0
2753_D_run430_CACGATAT_S8_L007_R1_001	32472125.0	91.19	0.32	2902040.0	120481.0	0.34	8.15	35609425.0	114779.0
2753_D_run430_CACGATAT_S8_L008_R1_001	31578734.0	89.73	0.3	3393309.0	115234.0	0.33	9.64	35192169.0	104892.0
2753_D_run432_CACGATAT_S1_L001_R1_001_2	49476388.0	93.56	0.35	3025304.0	194251.0	0.37	5.72	52879450.0	183507.0
2753_E_run426_CACTCAAT_S24_L003_R1_001	3275932.0	93.85	0.64	182326.0	9859.0	0.28	5.22	3490465.0	22348.0
2753_E_run426_CACTCAAT_S24_L004_R1_001	4723506.0	95.48	0.35	192904.0	13271.0	0.27	3.9	4947060.0	17379.0
2753_E_run426_CACTCAAT_S24_L005_R1_001	5466722.0	95.64	0.38	210932.0	16416.0	0.29	3.69	5715742.0	21672.0
2753_E_run426_CACTCAAT_S24_L006_R1_001	39511388.0	93.09	0.29	2687532.0	122912.0	0.29	6.33	42446555.0	124723.0
2753_E_run426_CACTCAAT_S24_L007_R1_001	39899594.0	92.85	0.28	2833920.0	118249.0	0.28	6.6	42970186.0	118423.0
2753_E_run426_CACTCAAT_S24_L008_R1_001	39122216.0	91.62	0.27	3344868.0	118037.0	0.28	7.83	42700737.0	115616.0
2753_E_run430_CACTCAAT_S9_L001_R1_001	27762797.0	94.5	0.35	1418577.0	93865.0	0.32	4.83	29379396.0	104157.0
2753_E_run430_CACTCAAT_S9_L002_R1_001	27333942.0	93.47	0.38	1703830.0	94613.0	0.32	5.83	29242048.0	109663.0
2753_E_run430_CACTCAAT_S9_L003_R1_001	21629130.0	94.64	0.38	1064927.0	73601.0	0.32	4.66	22853752.0	86094.0
2753_E_run430_CACTCAAT_S9_L004_R1_001	27184279.0	95.24	0.36	1165735.0	90477.0	0.32	4.08	28542224.0	101733.0
2753_E_run430_CACTCAAT_S9_L005_R1_001	39400410.0	92.72	0.32	2808624.0	147354.0	0.35	6.61	42494045.0	137657.0
2753_E_run430_CACTCAAT_S9_L006_R1_001	38128162.0	92.15	0.34	2969472.0	138494.0	0.33	7.18	41376454.0	140326.0
2753_E_run430_CACTCAAT_S9_L007_R1_001	37262258.0	91.53	0.32	3181429.0	134636.0	0.33	7.81	40709806.0	131483.0
2753_E_run430_CACTCAAT_S9_L008_R1_001	36264846.0	90.07	0.3	3747629.0	129704.0	0.32	9.31	40263589.0	121410.0
2753_E_run432_CACTCAAT_S2_L001_R1_001	22098084.0	93.96	0.35	1256244.0	82772.0	0.35	5.34	23518956.0	81856.0
2753_F_run426_CAGGCGAT_S25_L003_R1_001	2392105.0	93.08	0.54	156975.0	6873.0	0.27	6.11	2569825.0	13872.0
2753_F_run426_CAGGCGAT_S25_L004_R1_001	4832391.0	95.22	0.29	216876.0	10948.0	0.22	4.27	5075066.0	14851.0
2753_F_run426_CAGGCGAT_S25_L005_R1_001	5548365.0	95.45	0.33	231106.0	13836.0	0.24	3.98	5812645.0	19338.0
2753_F_run426_CAGGCGAT_S25_L006_R1_001	37605561.0	93.08	0.28	2571842.0	109400.0	0.27	6.37	40399178.0	112375.0
2753_F_run426_CAGGCGAT_S25_L007_R1_001	38682048.0	93.23	0.26	2593229.0	104894.0	0.25	6.25	41489279.0	109108.0
2753_F_run426_CAGGCGAT_S25_L008_R1_001	37703207.0	91.89	0.26	3116860.0	105261.0	0.26	7.6	41031451.0	106123.0
2753_F_run430_CAGGCGAT_S10_L001_R1_001	29734669.0	94.16	0.31	1657027.0	88146.0	0.28	5.25	31578000.0	98158.0
2753_F_run430_CAGGCGAT_S10_L002_R1_001	29553937.0	92.93	0.33	2052691.0	90759.0	0.29	6.45	31801156.0	103769.0
2753_F_run430_CAGGCGAT_S10_L003_R1_001	28770676.0	94.21	0.34	1572857.0	89567.0	0.29	5.15	30537756.0	104656.0
2753_F_run430_CAGGCGAT_S10_L004_R1_001	27946286.0	95.01	0.31	1293010.0	80999.0	0.28	4.4	29412869.0	92574.0
2753_F_run430_CAGGCGAT_S10_L005_R1_001	37122640.0	92.29	0.3	2853358.0	129097.0	0.32	7.09	40224557.0	119462.0
2753_F_run430_CAGGCGAT_S10_L006_R1_001	34438234.0	91.58	0.31	2927468.0	121691.0	0.32	7.78	37605481.0	118088.0
2753_F_run430_CAGGCGAT_S10_L007_R1_001	33428924.0	90.92	0.3	3110533.0	118425.0	0.32	8.46	36769296.0	111414.0
2753_F_run430_CAGGCGAT_S10_L008_R1_001	31912358.0	89.35	0.29	3588463.0	112863.0	0.32	10.05	35716904.0	103220.0
2753_F_run432_CAGGCGAT_S3_L001_R1_001	29229820.0	93.45	0.31	1854623.0	96447.0	0.31	5.93	31277302.0	96412.0
2753_G_run426_CATGGCAT_S26_L006_R1_001	19842939.0	92.72	0.31	1424813.0	66697.0	0.31	6.66	21401122.0	66673.0
2753_G_run426_CATGGCAT_S26_L007_R1_001	20126124.0	92.56	0.29	1491352.0	63908.0	0.29	6.86	21744028.0	62644.0
2753_G_run426_CATGGCAT_S26_L008_R1_001	19722875.0	91.19	0.29	1781062.0	63332.0	0.29	8.23	21629216.0	61947.0
2753_G_run430_CATGGCAT_S11_L001_R1_001	7143969.0	94.08	0.36	397056.0	25082.0	0.33	5.23	7593536.0	27429.0
2753_G_run430_CATGGCAT_S11_L002_R1_001	8556084.0	93.01	0.38	575658.0	31530.0	0.34	6.26	9198655.0	35383.0
2753_G_run430_CATGGCAT_S11_L003_R1_001	7435280.0	94.21	0.4	398424.0	27130.0	0.34	5.05	7892179.0	31345.0
2753_G_run430_CATGGCAT_S11_L004_R1_001	7630720.0	94.93	0.37	351376.0	26877.0	0.33	4.37	8038648.0	29675.0
2753_G_run430_CATGGCAT_S11_L005_R1_001	21103744.0	92.44	0.34	1565521.0	83311.0	0.36	6.86	22830879.0	78303.0
2753_G_run430_CATGGCAT_S11_L006_R1_001	20606615.0	91.89	0.36	1658603.0	78945.0	0.35	7.4	22424192.0	80029.0
2753_G_run430_CATGGCAT_S11_L007_R1_001	19899357.0	91.2	0.34	1769824.0	76496.0	0.35	8.11	21820070.0	74393.0
2753_G_run430_CATGGCAT_S11_L008_R1_001	18754317.0	89.61	0.32	2036260.0	71428.0	0.34	9.73	20928137.0	66132.0
2753_G_run432_CATGGCAT_S4_L002_R1_001	33587860.0	94.37	0.37	1751060.0	123732.0	0.35	4.92	35592724.0	130072.0
2753_H_run426_CATTTTAT_S27_L006_R1_001	20603197.0	93.5	0.29	1305345.0	63515.0	0.29	5.92	22036444.0	64387.0
2753_H_run426_CATTTTAT_S27_L007_R1_001	20835362.0	93.27	0.27	1381865.0	60650.0	0.27	6.19	22338866.0	60989.0
2753_H_run426_CATTTTAT_S27_L008_R1_001	20439577.0	92.09	0.27	1633887.0	60454.0	0.27	7.36	22194422.0	60504.0
2753_H_run430_CATTTTAT_S12_L001_R1_001	7341950.0	94.42	0.35	380212.0	25842.0	0.33	4.89	7775588.0	27584.0
2753_H_run430_CATTTTAT_S12_L002_R1_001	8781247.0	93.37	0.38	555792.0	31627.0	0.34	5.91	9404761.0	36095.0
2753_H_run430_CATTTTAT_S12_L003_R1_001	5774744.0	94.55	0.38	288912.0	20417.0	0.33	4.73	6107376.0	23303.0
2753_H_run430_CATTTTAT_S12_L004_R1_001	7865223.0	95.17	0.36	341422.0	27638.0	0.33	4.13	8264010.0	29727.0
2753_H_run430_CATTTTAT_S12_L005_R1_001	21973277.0	93.06	0.33	1477117.0	83392.0	0.35	6.26	23611305.0	77519.0
2753_H_run430_CATTTTAT_S12_L006_R1_001	21678441.0	92.55	0.34	1585705.0	78410.0	0.33	6.77	23422328.0	79772.0
2753_H_run430_CATTTTAT_S12_L007_R1_001	20935487.0	92.0	0.32	1672092.0	75231.0	0.33	7.35	22756669.0	73859.0
2753_H_run430_CATTTTAT_S12_L008_R1_001	19729066.0	90.7	0.3	1886222.0	69826.0	0.32	8.67	21751000.0	65886.0
2753_H_run432_CATTTTAT_S5_L002_R1_001	29358521.0	94.64	0.35	1447390.0	106173.0	0.34	4.67	31021930.0	109846.0
2753_I_run426_CCAACAAT_S28_L006_R1_001	18617050.0	92.96	0.3	1291085.0	57839.0	0.29	6.45	20026830.0	60856.0
2753_I_run426_CCAACAAT_S28_L007_R1_001	18674034.0	92.76	0.28	1345596.0	54883.0	0.27	6.68	20130933.0	56420.0
2753_I_run426_CCAACAAT_S28_L008_R1_001	18393522.0	91.45	0.28	1607489.0	55745.0	0.28	7.99	20112200.0	55444.0
2753_I_run430_CCAACAAT_S13_L001_R1_001	6832527.0	94.38	0.36	358144.0	22705.0	0.31	4.95	7239506.0	26130.0
2753_I_run430_CCAACAAT_S13_L002_R1_001	8006336.0	93.39	0.38	506726.0	27306.0	0.32	5.91	8572981.0	32613.0
2753_I_run430_CCAACAAT_S13_L003_R1_001	10267074.0	94.45	0.39	526060.0	35254.0	0.32	4.84	10870372.0	41984.0
2753_I_run430_CCAACAAT_S13_L004_R1_001	7290634.0	95.16	0.36	319561.0	23683.0	0.31	4.17	7661466.0	27588.0
2753_I_run430_CCAACAAT_S13_L005_R1_001	20120306.0	92.54	0.33	1475054.0	75327.0	0.35	6.78	21743218.0	72531.0
2753_I_run430_CCAACAAT_S13_L006_R1_001	19624391.0	91.97	0.35	1567866.0	72008.0	0.34	7.35	21338928.0	74663.0
2753_I_run430_CCAACAAT_S13_L007_R1_001	18832963.0	91.3	0.33	1657917.0	69255.0	0.34	8.04	20628192.0	68057.0
2753_I_run430_CCAACAAT_S13_L008_R1_001	17745836.0	89.85	0.31	1881125.0	63689.0	0.32	9.52	19751169.0	60519.0
2753_I_run432_CCAACAAT_S17_L003_R1_001	36541326.0	94.26	0.35	1974989.0	114651.0	0.3	5.09	38767003.0	136037.0
