Sample	aligned_reads	ambig_reads	discarded_reads	meth_chg	meth_chh	meth_cpg	no_alignments	percent_aligned	percent_chg_meth	percent_chh_meth	percent_cpg_meth	strand_ctob	strand_ctot	strand_directional	strand_ob	strand_ot	total_c	total_reads	unmeth_chg	unmeth_chh	unmeth_cpg
A-1.1	5760149.0	1312874.0	0.0	58841366.0	5136294.0	91482712.0	4100341.0	51.5525046888	66.6	1.5	92.3	0.0	0.0	directional	2883374.0	2876775.0	529202203.0	11173364.0	29512266.0	336639992.0	7589573.0
A-10.1	17879239.0	5533544.0	0.0	113611287.0	12416354.0	192748218.0	9573461.0	54.2021061871	65.0	1.9	91.3	0.0	0.0	directional	8944207.0	8935032.0	1024477882.0	32986244.0	61109561.0	626148168.0	18444294.0
A-11.1	18066388.0	5586691.0	0.0	114724940.0	12599412.0	194809647.0	9759592.0	54.070469254	65.0	2.0	91.3	0.0	0.0	directional	9034648.0	9031740.0	1035157919.0	33412671.0	61688043.0	632763713.0	18572164.0
A-12.1	17962377.0	5545671.0	1.0	114433416.0	12648304.0	194636229.0	9269716.0	54.8004952382	65.0	2.0	91.3	0.0	0.0	directional	8982602.0	8979774.0	1033765933.0	32777764.0	61532603.0	632037909.0	18477472.0
A-13.1	13519200.0	4170170.0	0.0	87961614.0	9043075.0	152082177.0	6913777.0	54.9490681009	65.0	1.8	91.5	0.0	0.0	directional	6761139.0	6758061.0	793696855.0	24603147.0	47408837.0	483085867.0	14115285.0
A-14.1	13220324.0	4108513.0	0.0	84760434.0	8646956.0	145705158.0	7151845.0	54.0030870055	65.1	1.8	91.5	0.0	0.0	directional	6615208.0	6605116.0	761874543.0	24480682.0	45534031.0	463610883.0	13617081.0
A-15.1	18720580.0	5763181.0	0.0	121038841.0	12397418.0	206763999.0	9919156.0	54.4156764381	65.0	1.8	91.3	0.0	0.0	directional	9365142.0	9355438.0	1090494099.0	34402917.0	65146731.0	665483535.0	19663575.0
A-16.1	12752926.0	3912159.0	0.0	84028820.0	8590637.0	144997259.0	6671959.0	54.6467067551	65.0	1.8	91.5	0.0	0.0	directional	6372884.0	6380042.0	756863242.0	23337044.0	45264174.0	460512065.0	13470287.0
A-17.1	18785809.0	5903826.0	0.0	119273407.0	13023165.0	205242368.0	9459267.0	55.0114583479	65.0	2.0	91.5	0.0	0.0	directional	9401487.0	9384322.0	1075361859.0	34148902.0	64104220.0	654650038.0	19068661.0
A-18.1	17933843.0	5681553.0	0.0	112041313.0	12286678.0	191693904.0	9121784.0	54.7812701033	65.0	2.0	91.4	0.0	0.0	directional	8970255.0	8963588.0	1012117862.0	32737180.0	60266619.0	617741239.0	18088109.0
A-19.1	17487804.0	5550452.0	0.0	108278685.0	11911280.0	184604596.0	9128260.0	54.366484701	65.0	2.0	91.3	0.0	0.0	directional	8748260.0	8739544.0	976954733.0	32166516.0	58183519.0	596446016.0	17530637.0
A-2.1	5730888.0	1303771.0	0.0	58639754.0	5107163.0	91248314.0	4087826.0	51.5252481797	66.6	1.5	92.3	0.0	0.0	directional	2865741.0	2865147.0	527006490.0	11122485.0	29444371.0	334976457.0	7590431.0
A-20.1	17109495.0	5420142.0	0.0	106280261.0	11759195.0	181319782.0	8921258.0	54.40066173	65.0	2.0	91.3	0.0	0.0	directional	8554191.0	8555304.0	960851993.0	31450895.0	57193757.0	587086760.0	17212238.0
A-21.1	32147511.0	9914661.0	0.0	207260934.0	21491949.0	356327203.0	15762037.0	55.595245583	65.1	1.9	91.4	0.0	0.0	directional	16078409.0	16069102.0	1866294379.0	57824209.0	111295085.0	1136576818.0	33342390.0
A-3.1	18227466.0	4059154.0	4.0	191924383.0	16743314.0	299363401.0	11899684.0	53.3180363692	66.7	1.5	92.4	0.0	0.0	directional	9121153.0	9106309.0	1716473134.0	34186304.0	95987968.0	1087956335.0	24497733.0
A-4.1	5669339.0	1276039.0	0.0	56317218.0	4935837.0	86753565.0	4226492.0	50.7465536208	66.5	1.5	92.2	0.0	0.0	directional	2836469.0	2832870.0	511779401.0	11171870.0	28357255.0	328059912.0	7355614.0
A-5.1	5385664.0	1226356.0	1.0	53379293.0	4658683.0	82242079.0	4043232.0	50.5446891355	66.5	1.5	92.2	0.0	0.0	directional	2695230.0	2690433.0	484877043.0	10655252.0	26838159.0	310806863.0	6951966.0
A-6.1	4698375.0	1049477.0	1.0	49278148.0	4298433.0	77228313.0	3326667.0	51.7754715153	66.5	1.5	92.3	0.0	0.0	directional	2348311.0	2350063.0	440711749.0	9074519.0	24845044.0	278662788.0	6399023.0
A-7.1	2063356.0	643841.0	0.0	12889040.0	1340051.0	21730457.0	1097377.0	54.233562023	65.2	1.8	91.4	0.0	0.0	directional	1031721.0	1031635.0	116958209.0	3804574.0	6887089.0	72067926.0	2043646.0
A-8.1	2096933.0	643524.0	0.0	13528473.0	1389866.0	23249498.0	1127774.0	54.2090945448	64.8	1.8	91.4	0.0	0.0	directional	1049274.0	1047659.0	122602991.0	3868231.0	7347618.0	74886366.0	2201170.0
A-9.1	1840213.0	562544.0	0.0	11925851.0	1218316.0	20415615.0	1002299.0	54.043545833	64.8	1.8	91.3	0.0	0.0	directional	920585.0	919628.0	108014130.0	3405056.0	6481151.0	66020607.0	1952590.0
B-1.1	7185434.0	1664214.0	0.0	79828399.0	6756440.0	133400656.0	6558913.0	46.6327387742	66.3	1.6	93.2	0.0	0.0	directional	3587303.0	3598131.0	674209091.0	15408561.0	40633186.0	403851697.0	9738713.0
B-10.1	18845172.0	5704927.0	0.0	120107057.0	12244598.0	209435737.0	9959391.0	54.6086656163	63.9	1.8	91.2	0.0	0.0	directional	9424547.0	9420625.0	1083878663.0	34509490.0	67923386.0	654063440.0	20104445.0
B-11.1	18948811.0	5735583.0	0.0	120628338.0	12330549.0	210410967.0	10118130.0	54.4466573746	63.9	1.8	91.3	0.0	0.0	directional	9475576.0	9473235.0	1088814057.0	34802524.0	68225321.0	657063263.0	20155619.0
B-12.1	18830009.0	5683805.0	0.0	120125841.0	12390112.0	209965051.0	9635733.0	55.139850025	63.9	1.9	91.3	0.0	0.0	directional	9415605.0	9414404.0	1086235146.0	34149547.0	67959625.0	655784392.0	20010125.0
B-13.1	14262644.0	4299093.0	0.0	92798879.0	8783342.0	164434671.0	7223628.0	55.3129420507	63.8	1.7	91.4	0.0	0.0	directional	7132390.0	7130254.0	839594638.0	25785365.0	52728539.0	505433724.0	15415483.0
B-14.1	13780196.0	4190658.0	0.0	88335732.0	8276367.0	155729245.0	7408821.0	54.2961877959	63.8	1.7	91.4	0.0	0.0	directional	6894252.0	6885944.0	796207821.0	25379675.0	50055132.0	479091121.0	14720224.0
B-15.1	14665943.0	4412506.0	0.0	95031838.0	9009776.0	166816588.0	7658858.0	54.8519826623	63.8	1.7	91.3	0.0	0.0	directional	7333860.0	7332083.0	857119157.0	26737307.0	53857684.0	516469645.0	15933626.0
B-16.1	13774613.0	4125574.0	0.0	90779074.0	8578223.0	160787430.0	7108822.0	55.0786038743	63.8	1.7	91.4	0.0	0.0	directional	6888200.0	6886413.0	819563715.0	25009009.0	51559616.0	492804475.0	15054897.0
B-17.1	20381309.0	6252759.0	1.0	129812645.0	13203979.0	229515092.0	10062307.0	55.5403878448	63.9	1.8	91.5	0.0	0.0	directional	10190062.0	10191246.0	1171434979.0	36696375.0	73446599.0	704005865.0	21450799.0
B-18.1	19676685.0	6092691.0	0.0	123432028.0	12619122.0	216947860.0	9819130.0	55.2894381124	63.9	1.8	91.4	0.0	0.0	directional	9838701.0	9837984.0	1114525800.0	35588506.0	69747906.0	671296800.0	20482084.0
B-19.1	19163771.0	5937831.0	0.0	119173224.0	12255276.0	208752480.0	9822465.0	54.8726784884	63.9	1.9	91.3	0.0	0.0	directional	9583787.0	9579984.0	1074799464.0	34924067.0	67306894.0	647447149.0	19864441.0
B-2.1	7123488.0	1643796.0	0.0	79273025.0	6680958.0	132776197.0	6530978.0	46.5640345289	66.2	1.6	93.2	0.0	0.0	directional	3554635.0	3568853.0	669182309.0	15298262.0	40393508.0	400363350.0	9695271.0
B-20.1	18771188.0	5805365.0	1.0	117052696.0	12100627.0	205288828.0	9594572.0	54.9328943662	63.9	1.9	91.3	0.0	0.0	directional	9384607.0	9386580.0	1058691938.0	34171125.0	66263846.0	638453755.0	19532186.0
B-21.1	25731029.0	7759432.0	1.0	165912825.0	15949430.0	292365339.0	12443584.0	56.0173374672	63.9	1.7	91.4	0.0	0.0	directional	12868640.0	12862388.0	1497836236.0	45934045.0	93910407.0	902036287.0	27661948.0
B-3.1	14653833.0	3323762.0	0.0	167610509.0	14153874.0	280739451.0	12002058.0	48.8792615445	66.4	1.7	93.3	0.0	0.0	directional	7317324.0	7336509.0	1406430342.0	29979653.0	84963433.0	838746780.0	20216295.0
B-4.1	8696360.0	1996862.0	0.0	93841570.0	7966928.0	155081116.0	7910301.0	46.745769605	66.2	1.6	93.1	0.0	0.0	directional	4344240.0	4352120.0	800427713.0	18603523.0	47896820.0	484064404.0	11576875.0
B-5.1	8261183.0	1918932.0	0.0	89024633.0	7505655.0	147130414.0	7486099.0	46.7626113892	66.3	1.6	93.1	0.0	0.0	directional	4126843.0	4134340.0	758729865.0	17666214.0	45343247.0	458771917.0	10953999.0
B-6.1	3556897.0	803058.0	0.0	40710428.0	3432149.0	68612997.0	3325757.0	46.2793427597	66.2	1.7	93.2	0.0	0.0	directional	1775133.0	1781764.0	341318464.0	7685712.0	20765558.0	202817140.0	4980192.0
B-7.1	2085369.0	637981.0	0.0	13040614.0	1239504.0	22571499.0	1127867.0	54.148312079	64.0	1.7	91.4	0.0	0.0	directional	1042795.0	1042574.0	118580998.0	3851217.0	7346122.0	72251784.0	2131475.0
B-8.1	2181296.0	652121.0	0.0	14085917.0	1328937.0	24811843.0	1169583.0	54.4915313515	63.6	1.7	91.3	0.0	0.0	directional	1091189.0	1090107.0	127956308.0	4003000.0	8056039.0	77299736.0	2373836.0
B-9.1	2112325.0	631789.0	0.0	13714742.0	1281941.0	24076723.0	1146494.0	54.2929279948	63.6	1.7	91.2	0.0	0.0	directional	1056221.0	1056104.0	124462433.0	3890608.0	7837901.0	75239003.0	2312123.0
C-1.1	9654720.0	2398557.0	0.0	107368620.0	8944099.0	180005764.0	6919184.0	50.8880740353	65.5	1.6	92.3	0.0	0.0	directional	4821652.0	4833068.0	924193420.0	18972461.0	56640215.0	556165143.0	15069579.0
C-10.1	15926205.0	5266204.0	0.0	100271271.0	10676352.0	174252850.0	8376451.0	53.861410281	63.3	1.9	90.6	0.0	0.0	directional	7965548.0	7960657.0	918786568.0	29568860.0	58177000.0	557264979.0	18144116.0
C-11.1	16283666.0	5377752.0	0.0	102578855.0	10814580.0	178538727.0	8606443.0	53.7985356811	63.3	1.9	90.6	0.0	0.0	directional	8139083.0	8144583.0	940791692.0	30267861.0	59559728.0	570739452.0	18560350.0
C-12.1	16217316.0	5346822.0	0.0	102505661.0	10789083.0	178786459.0	8204806.0	54.4772968769	63.3	1.9	90.6	0.0	0.0	directional	8107689.0	8109627.0	941067800.0	29768944.0	59522881.0	570896243.0	18567473.0
C-13.1	12071018.0	4000991.0	0.0	77802545.0	7213752.0	138095236.0	5974289.0	54.7530383559	63.2	1.6	90.7	0.0	0.0	directional	6037358.0	6033660.0	713497024.0	22046298.0	45386568.0	430831195.0	14167728.0
C-14.1	11937937.0	3984250.0	0.0	75818377.0	6947670.0	133786657.0	6231983.0	53.8857334759	63.2	1.6	90.6	0.0	0.0	directional	5966568.0	5971369.0	692600530.0	22154170.0	44064044.0	418177204.0	13806578.0
C-15.1	19778851.0	6553195.0	0.0	126622252.0	11713984.0	221849677.0	10121276.0	54.2580207093	63.2	1.6	90.5	0.0	0.0	directional	9886998.0	9891853.0	1159536084.0	36453322.0	73764909.0	702302823.0	23282439.0
C-16.1	11344608.0	3747904.0	0.0	73970094.0	6825148.0	131046307.0	5732128.0	54.4768505002	63.2	1.6	90.7	0.0	0.0	directional	5670510.0	5674098.0	677572429.0	20824640.0	43137864.0	409126154.0	13466862.0
C-17.1	16189687.0	5454486.0	0.0	101884114.0	10767789.0	179756705.0	8030461.0	54.557326638	63.3	1.9	90.8	0.0	0.0	directional	8095342.0	8094345.0	933260394.0	29674634.0	59071813.0	563567644.0	18212329.0
C-18.1	15424847.0	5227708.0	0.0	95562996.0	10182252.0	167529435.0	7730300.0	54.345649865	63.3	1.9	90.7	0.0	0.0	directional	7707713.0	7717134.0	876468575.0	28382855.0	55390815.0	530598744.0	17204333.0
C-19.1	15054932.0	5106591.0	0.0	92390650.0	9906513.0	161352453.0	7737413.0	53.9623876696	63.3	1.9	90.6	0.0	0.0	directional	7530659.0	7524273.0	846867141.0	27898936.0	53573391.0	512948105.0	16696029.0
C-2.1	9576132.0	2371231.0	0.0	106628545.0	8836800.0	179303661.0	6878317.0	50.8673896507	65.4	1.6	92.3	0.0	0.0	directional	4781019.0	4795113.0	917818948.0	18825680.0	56360956.0	551671737.0	15017249.0
C-20.1	14700242.0	4981886.0	0.0	90488397.0	9769836.0	158193931.0	7592901.0	53.896338662	63.3	1.9	90.6	0.0	0.0	directional	7350568.0	7349674.0	831019514.0	27275029.0	52528689.0	503659453.0	16379208.0
C-21.1	44286537.0	14697238.0	0.0	282669928.0	26616568.0	498932424.0	21076381.0	55.3165759507	63.3	1.7	90.6	0.0	0.0	directional	22142733.0	22143804.0	2586656027.0	80060156.0	164210464.0	1562711952.0	51514691.0
C-3.1	16748795.0	4115785.0	0.0	191572797.0	15935538.0	323434150.0	10920514.0	52.6938665023	65.5	1.6	92.4	0.0	0.0	directional	8363103.0	8385692.0	1640932404.0	31785094.0	101009377.0	982240104.0	26740438.0
C-4.1	9905098.0	2440394.0	0.0	106659891.0	8904841.0	176836559.0	7403187.0	50.155749658	65.4	1.6	92.1	0.0	0.0	directional	4946488.0	4958610.0	927946428.0	19748679.0	56463150.0	563916362.0	15165625.0
C-5.1	9379093.0	2338071.0	0.0	100868615.0	8362680.0	167320243.0	7014748.0	50.0701316555	65.4	1.5	92.1	0.0	0.0	directional	4686535.0	4692558.0	876723461.0	18731912.0	53288426.0	532613499.0	14269998.0
C-6.1	3653814.0	895776.0	0.0	41727819.0	3461900.0	70869460.0	2620197.0	50.961262866	65.3	1.6	92.3	0.0	0.0	directional	1825256.0	1828558.0	357492185.0	7169787.0	22165264.0	213334045.0	5933697.0
C-7.1	1836975.0	614506.0	0.0	11360974.0	1056191.0	19649661.0	954688.0	53.9308237495	63.4	1.6	90.6	0.0	0.0	directional	918813.0	918162.0	104688406.0	3406169.0	6565220.0	64020604.0	2035756.0
C-8.1	1943845.0	640451.0	0.0	12427432.0	1142313.0	21940095.0	1015225.0	54.0028798276	63.0	1.6	90.6	0.0	0.0	directional	971580.0	972265.0	114471050.0	3599521.0	7301478.0	69374473.0	2285259.0
C-9.1	2050924.0	674650.0	0.0	13165908.0	1203612.0	23140161.0	1079384.0	53.901357124	63.0	1.6	90.5	0.0	0.0	directional	1024752.0	1026172.0	121216032.0	3804958.0	7732129.0	73542161.0	2432061.0
D-1.1	8295559.0	1930299.0	0.0	91551048.0	8200688.0	155715013.0	6485550.0	49.6400961547	65.6	1.7	93.3	0.0	0.0	directional	4138598.0	4156961.0	785039322.0	16711408.0	48099036.0	470331615.0	11141922.0
D-10.1	18895069.0	5792386.0	0.0	118153420.0	12147361.0	208930716.0	9818256.0	54.7592513019	62.7	1.8	91.1	0.0	0.0	directional	9444631.0	9450438.0	1092644435.0	34505711.0	70407283.0	662592778.0	20412877.0
D-11.1	19397637.0	5939563.0	0.0	121350436.0	12512977.0	214734690.0	10144055.0	54.6700983378	62.7	1.8	91.1	0.0	0.0	directional	9700381.0	9697256.0	1122100771.0	35481255.0	72228542.0	680405606.0	20868520.0
D-12.1	19107299.0	5840296.0	0.0	119898422.0	12427055.0	212577111.0	9596102.0	55.3134165113	62.7	1.8	91.2	0.0	0.0	directional	9552228.0	9555071.0	1110308365.0	34543697.0	71380429.0	673469366.0	20555982.0
D-13.1	13589901.0	4157609.0	0.0	86738865.0	8285045.0	156167411.0	6806452.0	55.3470800354	62.6	1.7	91.3	0.0	0.0	directional	6795638.0	6794263.0	803918732.0	24553962.0	51896934.0	486011544.0	14818933.0
D-14.1	13482581.0	4159995.0	0.0	84750749.0	8000050.0	151678346.0	7123565.0	54.4395713486	62.6	1.7	91.3	0.0	0.0	directional	6741204.0	6741377.0	782480869.0	24766141.0	50553446.0	472968912.0	14529366.0
D-15.1	18444868.0	5634682.0	0.0	117183977.0	11151763.0	208820570.0	9459316.0	54.9955028295	62.6	1.7	91.2	0.0	0.0	directional	9225641.0	9219227.0	1082761678.0	33538866.0	69931603.0	655445505.0	20228260.0
D-16.1	13122347.0	3988406.0	0.0	84787063.0	8054390.0	152607860.0	6696363.0	55.1194315179	62.6	1.7	91.3	0.0	0.0	directional	6563938.0	6558409.0	784519077.0	23807116.0	50713899.0	473866744.0	14489121.0
D-17.1	18721404.0	5852531.0	0.0	116618472.0	11949162.0	209284110.0	9267818.0	55.3204321301	62.7	1.8	91.3	0.0	0.0	directional	9359814.0	9361590.0	1079133316.0	33841753.0	69519081.0	651820843.0	19941648.0
D-18.1	18117419.0	5706108.0	0.0	111174904.0	11468158.0	198395903.0	9029831.0	55.1463232465	62.7	1.8	91.2	0.0	0.0	directional	9063303.0	9054116.0	1029549426.0	32853358.0	66180175.0	623267400.0	19062886.0
D-19.1	17792294.0	5604920.0	0.0	108205391.0	11245201.0	192329285.0	9074911.0	54.7925151187	62.7	1.8	91.2	0.0	0.0	directional	8897340.0	8894954.0	1000811881.0	32472125.0	64388887.0	605994918.0	18648199.0
D-2.1	8177926.0	1897395.0	0.0	90384012.0	8052407.0	154233703.0	6440975.0	49.5142857696	65.5	1.7	93.3	0.0	0.0	directional	4081234.0	4096692.0	774990981.0	16516296.0	47611939.0	463663058.0	11045862.0
D-20.1	17306810.0	5455063.0	0.0	105602724.0	11050631.0	187904117.0	8816861.0	54.8052686343	62.7	1.8	91.2	0.0	0.0	directional	8656588.0	8650222.0	978798692.0	31578734.0	62905022.0	593161508.0	18174690.0
D-21.1	27365038.0	8352188.0	0.0	174033601.0	16429579.0	311993470.0	13759162.0	55.3092881396	62.4	1.6	91.2	0.0	0.0	directional	13686390.0	13678648.0	1621365593.0	49476388.0	104913176.0	983818499.0	30177268.0
D-3.1	16609113.0	3865617.0	0.0	187504996.0	16649708.0	320810584.0	12243702.0	50.7637804892	65.5	1.7	93.4	0.0	0.0	directional	8293967.0	8315146.0	1599399682.0	32718432.0	98619408.0	953046514.0	22768472.0
D-4.1	9236233.0	2134603.0	0.0	99036535.0	8862749.0	166711801.0	7214466.0	49.6964375397	65.5	1.7	93.2	0.0	0.0	directional	4612282.0	4623951.0	857999031.0	18585302.0	52232990.0	518918494.0	12236462.0
D-5.1	8805815.0	2054661.0	0.0	94289595.0	8406460.0	158650704.0	6848299.0	49.7257150763	65.5	1.7	93.2	0.0	0.0	directional	4399577.0	4406238.0	815903096.0	17708775.0	49625192.0	493319513.0	11611632.0
D-6.1	3498385.0	812161.0	0.0	39276498.0	3540883.0	67524439.0	2840602.0	48.9206068732	65.4	1.7	93.3	0.0	0.0	directional	1747876.0	1750509.0	335245646.0	7151148.0	20761196.0	199291508.0	4851122.0
D-7.1	2001945.0	620498.0	0.0	12294667.0	1175172.0	21610638.0	1059184.0	54.3766383721	62.8	1.7	91.3	0.0	0.0	directional	1002879.0	999066.0	114270833.0	3681627.0	7278935.0	69859728.0	2051693.0
D-8.1	2222315.0	677760.0	0.0	14064172.0	1330714.0	25187636.0	1176094.0	54.5196972942	62.4	1.6	91.2	0.0	0.0	directional	1110911.0	1111404.0	130871457.0	4076169.0	8470211.0	79385245.0	2433479.0
D-9.1	2439326.0	736984.0	0.0	15526535.0	1456795.0	27688179.0	1302212.0	54.4672103877	62.4	1.6	91.1	0.0	0.0	directional	1219107.0	1220219.0	144323449.0	4478522.0	9344069.0	87614884.0	2692987.0
E-1.1	7195102.0	1586620.0	2.0	71103785.0	6311539.0	114181122.0	4604484.0	53.7501215804	63.9	1.5	91.7	0.0	0.0	directional	3597113.0	3597987.0	668249741.0	13386206.0	40231797.0	426100343.0	10321155.0
E-10.1	21477719.0	6698047.0	0.0	133076430.0	13425282.0	238634982.0	11335622.0	54.3583004475	61.4	1.8	90.1	0.0	0.0	directional	10744205.0	10733514.0	1248020215.0	39511388.0	83794225.0	752727668.0	26361628.0
E-11.1	21652057.0	6751645.0	0.0	133967448.0	13483591.0	240303551.0	11495892.0	54.2663592015	61.4	1.7	90.1	0.0	0.0	directional	10835863.0	10816194.0	1256962566.0	39899594.0	84268522.0	758514906.0	26424548.0
E-12.1	21481837.0	6685493.0	0.0	133260686.0	13498932.0	239318805.0	10954886.0	54.909560849	61.4	1.8	90.1	0.0	0.0	directional	10746746.0	10735091.0	1251990261.0	39122216.0	83852120.0	755823198.0	26236520.0
E-13.1	15245421.0	4743665.0	0.0	96478221.0	8847514.0	175960313.0	7773711.0	54.9131306907	61.3	1.6	90.3	0.0	0.0	directional	7626674.0	7618747.0	906633215.0	27762797.0	61031628.0	545328528.0	18987011.0
E-14.1	14773240.0	4630394.0	0.0	92046090.0	8358863.0	166911138.0	7930308.0	54.0472354847	61.3	1.6	90.2	0.0	0.0	directional	7386355.0	7386885.0	862124394.0	27333942.0	58030056.0	518631330.0	18146917.0
E-15.1	11810196.0	3666380.0	0.0	74345674.0	6822837.0	134350896.0	6152554.0	54.603194858	61.3	1.6	90.1	0.0	0.0	directional	5907514.0	5902682.0	697136745.0	21629130.0	46946544.0	419899612.0	14771182.0
E-16.1	14894279.0	4598461.0	0.0	95386248.0	8721095.0	173766541.0	7691539.0	54.7900461145	61.3	1.6	90.3	0.0	0.0	directional	7450146.0	7444133.0	894706726.0	27184279.0	60281027.0	537807039.0	18744776.0
E-17.1	21703890.0	6869864.0	0.0	134280563.0	13534146.0	244193855.0	10826656.0	55.0854420043	61.4	1.8	90.3	0.0	0.0	directional	10854908.0	10848982.0	1259243608.0	39400410.0	84488713.0	756531027.0	26215304.0
E-18.1	20914960.0	6676855.0	0.0	127406036.0	12937805.0	230299897.0	10536347.0	54.8543619805	61.4	1.8	90.2	0.0	0.0	directional	10457428.0	10457532.0	1196104294.0	38128162.0	80108602.0	720332929.0	25019025.0
E-19.1	20308227.0	6490411.0	0.0	122611305.0	12487414.0	220849112.0	10463620.0	54.5007954161	61.4	1.8	90.1	0.0	0.0	directional	10154452.0	10153775.0	1149839538.0	37262258.0	77076657.0	692617646.0	24197404.0
E-2.1	7127654.0	1569396.0	0.0	70513093.0	6227820.0	113425918.0	4576053.0	53.6999825888	63.8	1.5	91.7	0.0	0.0	directional	3566602.0	3561052.0	662425983.0	13273103.0	39942695.0	422057507.0	10258950.0
E-20.1	19763594.0	6305249.0	0.0	119697786.0	12311788.0	215933474.0	10196003.0	54.4979399609	61.3	1.8	90.1	0.0	0.0	directional	9889576.0	9874018.0	1125419642.0	36264846.0	75410951.0	678426406.0	23639237.0
E-21.1	12172445.0	3775890.0	0.0	76778738.0	6964937.0	139330065.0	6149749.0	55.083712235	61.1	1.6	90.1	0.0	0.0	directional	6087744.0	6084701.0	725340690.0	22098084.0	48852606.0	438127095.0	15287249.0
E-3.1	18027243.0	3954493.0	0.0	182086578.0	16054896.0	293664667.0	10972854.0	54.7032841252	63.9	1.5	91.8	0.0	0.0	directional	9020009.0	9007234.0	1704052372.0	32954590.0	103076239.0	1082798050.0	26371942.0
E-4.1	9338193.0	2027282.0	2.0	89692460.0	7992633.0	142740861.0	6284950.0	52.9063351166	63.8	1.4	91.5	0.0	0.0	directional	4671621.0	4666570.0	851631831.0	17650425.0	50933118.0	547092251.0	13180508.0
E-5.1	8850591.0	1939434.0	1.0	84834315.0	7495437.0	135017496.0	5979333.0	52.7783532321	63.8	1.4	91.6	0.0	0.0	directional	4427982.0	4422608.0	804961962.0	16769358.0	48099503.0	517069484.0	12445727.0
E-6.1	3710078.0	816448.0	0.0	37113177.0	3330517.0	60023355.0	2404084.0	53.531767045	63.7	1.5	91.7	0.0	0.0	directional	1855446.0	1854632.0	347735140.0	6930610.0	21138468.0	220662958.0	5466665.0
E-7.1	1761738.0	556842.0	0.0	10713578.0	984031.0	19046625.0	957352.0	53.7782225028	61.5	1.6	90.2	0.0	0.0	directional	880126.0	881612.0	101037721.0	3275932.0	6700061.0	61533401.0	2060025.0
E-8.1	2548561.0	788210.0	0.0	15999204.0	1451431.0	28968682.0	1386735.0	53.9548589543	61.2	1.6	90.1	0.0	0.0	directional	1275098.0	1273463.0	150933261.0	4723506.0	10162077.0	91180604.0	3171263.0
E-9.1	2947599.0	910387.0	0.0	18590769.0	1681505.0	33574962.0	1608736.0	53.9189481375	61.1	1.6	90.1	0.0	0.0	directional	1474356.0	1473243.0	175366746.0	5466722.0	11833035.0	105979614.0	3706861.0
F-1.1	8703596.0	1861283.0	0.0	81743926.0	7545804.0	128146861.0	5483057.0	54.234986979	64.2	1.4	92.1	0.0	0.0	directional	4356760.0	4346836.0	794362273.0	16047936.0	45650483.0	520311489.0	10963710.0
F-10.1	20597552.0	6433012.0	0.0	124348201.0	12786859.0	218279272.0	10574997.0	54.7726225916	62.2	1.7	91.0	0.0	0.0	directional	10303776.0	10293776.0	1177471992.0	37605561.0	75506461.0	725035954.0	21515245.0
F-11.1	21210514.0	6601748.0	0.0	128769913.0	13148093.0	226847839.0	10869786.0	54.8329654107	62.2	1.7	91.1	0.0	0.0	directional	10604944.0	10605570.0	1218128959.0	38682048.0	78116574.0	749090370.0	22156170.0
F-12.1	20916408.0	6490424.0	0.0	127532681.0	13028313.0	225208206.0	10296375.0	55.4764691502	62.2	1.7	91.1	0.0	0.0	directional	10461700.0	10454708.0	1207654082.0	37703207.0	77392501.0	742610596.0	21881785.0
F-13.1	16658534.0	5156440.0	0.0	103540307.0	9613661.0	186151286.0	7919695.0	56.0239429603	62.2	1.6	91.4	0.0	0.0	directional	8332303.0	8326231.0	977246101.0	29734669.0	62925255.0	597491817.0	17523775.0
F-14.1	16268112.0	5081561.0	0.0	99510681.0	9107642.0	177924793.0	8204264.0	55.0454986759	62.3	1.6	91.3	0.0	0.0	directional	8140332.0	8127780.0	935524535.0	29553937.0	60299592.0	571745748.0	16936079.0
F-15.1	15927759.0	4948083.0	0.0	98059989.0	9104181.0	174021690.0	7894834.0	55.3610871013	62.2	1.6	91.2	0.0	0.0	directional	7967041.0	7960718.0	924400282.0	28770676.0	59550888.0	566781565.0	16881969.0
F-16.1	15592886.0	4800990.0	0.0	98102671.0	9052389.0	175893289.0	7552410.0	55.7959150636	62.2	1.6	91.4	0.0	0.0	directional	7799094.0	7793792.0	924664109.0	27946286.0	59607436.0	565381055.0	16627269.0
F-17.1	20596511.0	6563193.0	0.0	123798184.0	12498492.0	220529740.0	9962936.0	55.4823444669	62.2	1.7	91.2	0.0	0.0	directional	10298272.0	10298239.0	1170585176.0	37122640.0	75138088.0	717468508.0	21152164.0
F-18.1	18935059.0	6117384.0	0.0	111421470.0	11356524.0	197192216.0	9385791.0	54.9826654874	62.2	1.7	91.1	0.0	0.0	directional	9468439.0	9466620.0	1055651814.0	34438234.0	67641030.0	648834821.0	19205753.0
F-19.1	18229972.0	5888476.0	0.0	106347164.0	10949308.0	187481185.0	9310476.0	54.5335291079	62.2	1.7	91.0	0.0	0.0	directional	9116679.0	9113293.0	1007118689.0	33428924.0	64577876.0	619306266.0	18456890.0
F-2.1	8551131.0	1821021.0	0.0	80360069.0	7379196.0	126193211.0	5391562.0	54.2456619043	64.1	1.4	92.1	0.0	0.0	directional	4280471.0	4270660.0	780784856.0	15763714.0	44919618.0	511122807.0	10809955.0
F-20.1	17357220.0	5598991.0	0.0	101652625.0	10579989.0	179340708.0	8956147.0	54.3902772713	62.2	1.7	91.1	0.0	0.0	directional	8680418.0	8676802.0	965007067.0	31912358.0	61820059.0	593995057.0	17618629.0
F-21.1	16356558.0	5056939.0	0.0	101425351.0	9297280.0	181484093.0	7816323.0	55.9584629669	62.0	1.5	91.2	0.0	0.0	directional	8183622.0	8172936.0	962543308.0	29229820.0	62071236.0	590848217.0	17417131.0
F-3.1	17428159.0	3701367.0	0.0	167555294.0	15320797.0	263079872.0	10501081.0	55.0990342993	64.2	1.4	92.2	0.0	0.0	directional	8722793.0	8705366.0	1618666978.0	31630607.0	93387535.0	1056983907.0	22339573.0
F-4.1	10307503.0	2168989.0	0.0	94189490.0	8694210.0	146451280.0	6866906.0	53.2869302488	64.1	1.4	92.0	0.0	0.0	directional	5162096.0	5145407.0	924917724.0	19343398.0	52811133.0	609967546.0	12804065.0
F-6.1	3957022.0	840495.0	0.0	37598370.0	3501009.0	59223265.0	2517517.0	54.094376048	64.1	1.5	92.0	0.0	0.0	directional	1980842.0	1976180.0	363741054.0	7315034.0	21096753.0	237205582.0	5116075.0
F-7.1	1312193.0	413446.0	0.0	7797089.0	726509.0	13680591.0	666466.0	54.85515895	62.4	1.6	91.3	0.0	0.0	directional	655834.0	656359.0	73971775.0	2392105.0	4702090.0	45760904.0	1304592.0
F-8.1	2676729.0	825313.0	0.0	16488160.0	1509949.0	29460443.0	1330349.0	55.3913994128	62.0	1.6	91.2	0.0	0.0	directional	1339319.0	1337410.0	156272011.0	4832391.0	10091792.0	95884488.0	2837179.0
F-9.1	3068103.0	941818.0	0.0	19011069.0	1734619.0	33850394.0	1538444.0	55.2974254578	62.0	1.5	91.1	0.0	0.0	directional	1533300.0	1534803.0	180168808.0	5548365.0	11648375.0	110617160.0	3307191.0
G-1.1	10579125.0	3272807.0	0.0	67107829.0	7196829.0	115248557.0	5991007.0	53.3143049021	64.8	1.9	91.8	0.0	0.0	directional	5290146.0	5288979.0	605293738.0	19842939.0	36429291.0	368961544.0	10349688.0
G-10.1	10664579.0	3379797.0	1.0	66003028.0	7096723.0	113895447.0	5854981.0	53.592580906	64.9	1.9	91.8	0.0	0.0	directional	5331440.0	5333138.0	595148419.0	19899357.0	35772813.0	362206565.0	10173843.0
G-11.1	10050525.0	3180878.0	0.0	62406660.0	6777022.0	107826140.0	5522914.0	53.5904613322	64.8	1.9	91.8	0.0	0.0	directional	5029012.0	5021513.0	563784554.0	18754317.0	33857540.0	343302625.0	9614567.0
G-12.1	18126178.0	5606331.0	1.0	116854758.0	11183912.0	204355362.0	9855351.0	53.9664569282	64.5	1.7	91.8	0.0	0.0	directional	9059786.0	9066391.0	1062177299.0	33587860.0	64417977.0	646991435.0	18373855.0
G-2.1	10700488.0	3312788.0	0.0	67854861.0	7267362.0	116565927.0	6112848.0	53.1671572728	64.8	1.9	91.8	0.0	0.0	directional	5352260.0	5348228.0	612363167.0	20126124.0	36843599.0	373359331.0	10472087.0
G-3.1	10640113.0	3286650.0	0.0	67652134.0	7249697.0	116525992.0	5796112.0	53.9480831268	64.8	1.9	91.8	0.0	0.0	directional	5320498.0	5319615.0	611554138.0	19722875.0	36745419.0	372946312.0	10434584.0
G-4.1	3875856.0	1194192.0	0.0	25166953.0	2440538.0	44066237.0	2073921.0	54.2535388941	64.7	1.7	91.9	0.0	0.0	directional	1936637.0	1939219.0	227342749.0	7143969.0	13734491.0	138038365.0	3896165.0
G-5.1	4558546.0	1416829.0	0.0	29166697.0	2803405.0	50706848.0	2580709.0	53.2784156864	64.8	1.7	91.8	0.0	0.0	directional	2279400.0	2279146.0	262400308.0	8556084.0	15853976.0	159352572.0	4516810.0
G-6.1	3994020.0	1229438.0	0.0	25798096.0	2498257.0	44586788.0	2211822.0	53.7171431338	64.8	1.7	91.7	0.0	0.0	directional	1997724.0	1996296.0	232475610.0	7435280.0	14027638.0	141537248.0	4027583.0
G-7.1	4119044.0	1262353.0	0.0	27065332.0	2613528.0	47295376.0	2249323.0	53.9797555146	64.7	1.7	91.9	0.0	0.0	directional	2060298.0	2058746.0	244255349.0	7630720.0	14777481.0	148307046.0	4196586.0
G-8.1	11442828.0	3592277.0	0.0	72610935.0	7749155.0	126509911.0	6068639.0	54.2217911665	64.8	1.9	92.0	0.0	0.0	directional	5724414.0	5718414.0	654592375.0	21103744.0	39399294.0	397265627.0	11057453.0
G-9.1	11127564.0	3522160.0	1.0	69517456.0	7457059.0	120486346.0	5956891.0	53.9999606922	64.8	1.9	91.9	0.0	0.0	directional	5564391.0	5563172.0	627613710.0	20606615.0	37711628.0	381764999.0	10676222.0
H-1.1	11083886.0	3474036.0	0.0	67301763.0	6930456.0	119247607.0	6045275.0	53.7969228756	62.0	1.8	90.3	0.0	0.0	directional	5542333.0	5541553.0	634295019.0	20603197.0	41194780.0	386769052.0	12851361.0
H-10.1	11306986.0	3629423.0	1.0	66961492.0	6942988.0	119243628.0	5999078.0	54.0087077984	62.1	1.8	90.3	0.0	0.0	directional	5653064.0	5653921.0	631109576.0	20935487.0	40913173.0	384294228.0	12754067.0
H-11.1	10664631.0	3421487.0	3.0	63362595.0	6618530.0	112896890.0	5642948.0	54.0554276619	62.1	1.8	90.3	0.0	0.0	directional	5335899.0	5328729.0	598586721.0	19729066.0	38743364.0	364899274.0	12066068.0
H-12.1	15939992.0	5002240.0	0.0	97808058.0	9435265.0	175899457.0	8416289.0	54.2942609405	61.8	1.6	90.4	0.0	0.0	directional	7972970.0	7967022.0	928878358.0	29358521.0	60522798.0	566488121.0	18724659.0
H-2.1	11167902.0	3501052.0	0.0	67706026.0	7038298.0	119972006.0	6166408.0	53.6007101772	62.1	1.8	90.3	0.0	0.0	directional	5587858.0	5580044.0	638190786.0	20835362.0	41373208.0	389223353.0	12877895.0
H-3.1	11100327.0	3474089.0	0.0	67435426.0	7058495.0	119703565.0	5865161.0	54.3080074504	62.1	1.8	90.3	0.0	0.0	directional	5547290.0	5553037.0	636770430.0	20439577.0	41230894.0	388550716.0	12791334.0
H-4.1	3990262.0	1246514.0	0.0	24708023.0	2411687.0	44462116.0	2105174.0	54.3488037919	62.0	1.7	90.5	0.0	0.0	directional	1994407.0	1995855.0	233184853.0	7341950.0	15144832.0	141799818.0	4658377.0
H-5.1	4683992.0	1476726.0	0.0	28559651.0	2756348.0	51189588.0	2620529.0	53.3408523869	62.0	1.7	90.4	0.0	0.0	directional	2341346.0	2342646.0	268683781.0	8781247.0	17468758.0	163303152.0	5406284.0
H-6.1	3110968.0	972837.0	0.0	19179484.0	1869709.0	34218235.0	1690939.0	53.8719638481	62.1	1.7	90.4	0.0	0.0	directional	1555249.0	1555719.0	180572049.0	5774744.0	11729874.0	109930639.0	3644108.0
H-7.1	4249351.0	1321686.0	0.0	26648487.0	2577707.0	47956981.0	2294186.0	54.0270886153	62.0	1.7	90.5	0.0	0.0	directional	2125711.0	2123640.0	250942011.0	7865223.0	16315561.0	152432213.0	5011062.0
H-8.1	11986791.0	3816686.0	0.0	72659017.0	7444383.0	130611201.0	6169800.0	54.551676566	62.1	1.8	90.5	0.0	0.0	directional	5995407.0	5991384.0	685004303.0	21973277.0	44425965.0	416148249.0	13715488.0
H-9.1	11787554.0	3780705.0	0.0	70415178.0	7252386.0	125825460.0	6110182.0	54.3745465829	62.1	1.8	90.4	0.0	0.0	directional	5897565.0	5889989.0	664413226.0	21678441.0	43013344.0	404550686.0	13356172.0
I-1.1	10153861.0	3100119.0	0.0	67678020.0	7195420.0	111606347.0	5363070.0	54.5406549373	67.6	2.0	92.0	0.0	0.0	directional	5080251.0	5073610.0	582844234.0	18617050.0	32407364.0	354315070.0	9642013.0
I-10.1	10288480.0	3224658.0	0.0	66744187.0	7154323.0	110586482.0	5319825.0	54.6301715774	67.6	2.0	92.1	0.0	0.0	directional	5145895.0	5142585.0	575087777.0	18832963.0	31952343.0	349135359.0	9515083.0
I-11.1	9699736.0	3036932.0	0.0	63119675.0	6833858.0	104689929.0	5009168.0	54.6592225917	67.6	2.0	92.1	0.0	0.0	directional	4847747.0	4851989.0	545273267.0	17745836.0	30279339.0	331340997.0	9009469.0
I-12.1	20409122.0	6214393.0	0.0	137809499.0	13698677.0	229740111.0	9917811.0	55.8521658464	67.6	1.9	92.1	0.0	0.0	directional	10203362.0	10205760.0	1187121602.0	36541326.0	66112983.0	720050748.0	19709584.0
I-2.1	10167197.0	3110129.0	0.0	67744361.0	7196232.0	111828093.0	5396708.0	54.445638259	67.6	2.0	92.1	0.0	0.0	directional	5085892.0	5081305.0	583548817.0	18674034.0	32412116.0	354754205.0	9613810.0
I-3.1	10144984.0	3092099.0	0.0	67735294.0	7236187.0	111933581.0	5156439.0	55.1552008365	67.6	2.0	92.1	0.0	0.0	directional	5073784.0	5071200.0	584582551.0	18393522.0	32452887.0	355598926.0	9625676.0
I-4.1	3768983.0	1148870.0	0.0	25713779.0	2513255.0	43147271.0	1914674.0	55.1623579387	67.4	1.8	92.1	0.0	0.0	directional	1883950.0	1885033.0	221990958.0	6832527.0	12414812.0	134511903.0	3689938.0
I-5.1	4346705.0	1333729.0	0.0	29220822.0	2828293.0	48755109.0	2325902.0	54.2908141752	67.6	1.8	92.1	0.0	0.0	directional	2172920.0	2173785.0	251252256.0	8006336.0	14033037.0	152234972.0	4180023.0
I-6.1	5625917.0	1709472.0	0.0	38175971.0	3736468.0	63385298.0	2931685.0	54.7957188192	67.5	1.8	92.0	0.0	0.0	directional	2811301.0	2814616.0	328584936.0	10267074.0	18343935.0	199442944.0	5500320.0
I-7.1	4003775.0	1213006.0	0.0	27668471.0	2701371.0	46378170.0	2073853.0	54.9166917445	67.5	1.8	92.2	0.0	0.0	directional	2004171.0	1999604.0	238253159.0	7290634.0	13323861.0	144238754.0	3942532.0
I-8.1	11119152.0	3450715.0	0.0	73961904.0	7860001.0	123783283.0	5550439.0	55.2633344642	67.6	2.0	92.2	0.0	0.0	directional	5558120.0	5561032.0	637427178.0	20120306.0	35502460.0	385844729.0	10474801.0
I-9.1	10799253.0	3380101.0	0.0	70686609.0	7552008.0	117539847.0	5445037.0	55.0297484391	67.6	2.0	92.1	0.0	0.0	directional	5402016.0	5397237.0	609638739.0	19624391.0	33874945.0	369937821.0	10047509.0
