(di-)nucleotide	count sample	percent sample	count genomic	percent genomic	coverage
A	11175341275	27.52	1235120021	27.78	9.048
C	8342509588	20.55	988389879	22.23	8.441
G	10097600076	24.87	988232759	22.22	10.218
T	10989630522	27.06	1234891044	27.77	8.899
AA	3240332636	8.04	368732221	8.29	8.788
AC	2056467726	5.10	244294377	5.50	8.418
AG	2795930522	6.93	276904652	6.23	10.097
AT	3032434240	7.52	344848927	7.76	8.794
CA	2532891046	6.28	308296740	6.94	8.216
CC	1862536486	4.62	240688810	5.41	7.738
CG	1607977491	3.99	162160755	3.65	9.916
CT	2270263958	5.63	276935878	6.23	8.198
GA	3051354513	7.57	292602109	6.58	10.428
GC	1988961578	4.93	210481053	4.73	9.450
GG	2515363467	6.24	240686117	5.41	10.451
GT	2471269036	6.13	244170162	5.49	10.121
TA	2262129391	5.61	265147590	5.96	8.532
TC	2370992181	5.88	292632610	6.58	8.102
TG	3101134023	7.69	308174758	6.93	10.063
TT	3165534359	7.85	368594334	8.29	8.588
