(di-)nucleotide	count sample	percent sample	count genomic	percent genomic	coverage
A	10044091605	27.46	1235120021	27.78	8.132
C	7506960977	20.52	988389879	22.23	7.595
G	9171864014	25.08	988232759	22.22	9.281
T	9851983589	26.94	1234891044	27.77	7.978
AA	2903616043	7.99	368732221	8.29	7.875
AC	1848577874	5.09	244294377	5.50	7.567
AG	2534001284	6.98	276904652	6.23	9.151
AT	2712145846	7.47	344848927	7.76	7.865
CA	2266378688	6.24	308296740	6.94	7.351
CC	1674647477	4.61	240688810	5.41	6.958
CG	1472330587	4.05	162160755	3.65	9.079
CT	2031454651	5.59	276935878	6.23	7.335
GA	2770762423	7.63	292602109	6.58	9.469
GC	1802143177	4.96	210481053	4.73	8.562
GG	2299039988	6.33	240686117	5.41	9.552
GT	2235487689	6.15	244170162	5.49	9.155
TA	2024462936	5.57	265147590	5.96	7.635
TC	2124363628	5.85	292632610	6.58	7.259
TG	2796076216	7.70	308174758	6.93	9.073
TT	2827275630	7.78	368594334	8.29	7.670
