(di-)nucleotide	count sample	percent sample	count genomic	percent genomic	coverage
A	10682805375	27.27	1235120021	27.78	8.649
C	8085413242	20.64	988389879	22.23	8.180
G	9830339719	25.09	988232759	22.22	9.947
T	10574507947	26.99	1234891044	27.77	8.563
AA	3063234250	7.87	368732221	8.29	8.307
AC	1980473799	5.09	244294377	5.50	8.107
AG	2697258920	6.93	276904652	6.23	9.741
AT	2894255856	7.44	344848927	7.76	8.393
CA	2428879881	6.24	308296740	6.94	7.878
CC	1811650839	4.66	240688810	5.41	7.527
CG	1585956965	4.08	162160755	3.65	9.780
CT	2193620404	5.64	276935878	6.23	7.921
GA	2950333364	7.58	292602109	6.58	10.083
GC	1942648999	4.99	210481053	4.73	9.230
GG	2464786862	6.33	240686117	5.41	10.241
GT	2404836922	6.18	244170162	5.49	9.849
TA	2158008301	5.55	265147590	5.96	8.139
TC	2290033053	5.89	292632610	6.58	7.826
TG	3008489689	7.73	308174758	6.93	9.762
TT	3033395858	7.80	368594334	8.29	8.230
