(di-)nucleotide	count sample	percent sample	count genomic	percent genomic	coverage
A	11305694407	27.12	1235120021	27.78	9.154
C	8641285706	20.73	988389879	22.23	8.743
G	10528358110	25.25	988232759	22.22	10.654
T	11214755589	26.90	1234891044	27.77	9.082
AA	3224326210	7.79	368732221	8.29	8.744
AC	2103581678	5.08	244294377	5.50	8.611
AG	2874013406	6.94	276904652	6.23	10.379
AT	3053167804	7.37	344848927	7.76	8.854
CA	2576281221	6.22	308296740	6.94	8.356
CC	1942538296	4.69	240688810	5.41	8.071
CG	1714564859	4.14	162160755	3.65	10.573
CT	2336891386	5.64	276935878	6.23	8.438
GA	3144945288	7.60	292602109	6.58	10.748
GC	2091632154	5.05	210481053	4.73	9.937
GG	2651018283	6.40	240686117	5.41	11.014
GT	2567596730	6.20	244170162	5.49	10.516
TA	2271145089	5.49	265147590	5.96	8.566
TC	2438342073	5.89	292632610	6.58	8.332
TG	3208088075	7.75	308174758	6.93	10.410
TT	3205695102	7.74	368594334	8.29	8.697
