(di-)nucleotide	count sample	percent sample	count genomic	percent genomic	coverage
A	12213165216	27.06	1235120021	27.78	9.888
C	9381816212	20.78	988389879	22.23	9.492
G	11416776960	25.29	988232759	22.22	11.553
T	12130089336	26.87	1234891044	27.77	9.823
AA	3479971327	7.76	368732221	8.29	9.438
AC	2274157427	5.07	244294377	5.50	9.309
AG	3110806953	6.94	276904652	6.23	11.234
AT	3292431185	7.34	344848927	7.76	9.547
CA	2790121417	6.22	308296740	6.94	9.050
CC	2114747545	4.72	240688810	5.41	8.786
CG	1864274224	4.16	162160755	3.65	11.496
CT	2536698720	5.66	276935878	6.23	9.160
GA	3402440939	7.59	292602109	6.58	11.628
GC	2277708797	5.08	210481053	4.73	10.821
GG	2881096836	6.43	240686117	5.41	11.970
GT	2775922719	6.19	244170162	5.49	11.369
TA	2446563840	5.46	265147590	5.96	9.227
TC	2643935992	5.90	292632610	6.58	9.035
TG	3474695255	7.75	308174758	6.93	11.275
TT	3467987293	7.74	368594334	8.29	9.409
