(di-)nucleotide	count sample	percent sample	count genomic	percent genomic	coverage
A	11743279262	27.48	1235120021	27.78	9.508
C	8807898333	20.61	988389879	22.23	8.911
G	10591112482	24.78	988232759	22.22	10.717
T	11594661260	27.13	1234891044	27.77	9.389
AA	3399393868	8.01	368732221	8.29	9.219
AC	2166165865	5.10	244294377	5.50	8.867
AG	2926931979	6.90	276904652	6.23	10.570
AT	3194377200	7.53	344848927	7.76	9.263
CA	2675123962	6.30	308296740	6.94	8.677
CC	1972184280	4.65	240688810	5.41	8.194
CG	1686900587	3.97	162160755	3.65	10.403
CT	2401896946	5.66	276935878	6.23	8.673
GA	3190189244	7.52	292602109	6.58	10.903
GC	2094574488	4.94	210481053	4.73	9.951
GG	2630904991	6.20	240686117	5.41	10.931
GT	2601196249	6.13	244170162	5.49	10.653
TA	2385827552	5.62	265147590	5.96	8.998
TC	2506585198	5.91	292632610	6.58	8.566
TG	3266187691	7.70	308174758	6.93	10.598
TT	3341857308	7.87	368594334	8.29	9.066
