(di-)nucleotide	count sample	percent sample	count genomic	percent genomic	coverage
A	5411541803	27.11	1235120021	27.78	4.381
C	4147232383	20.77	988389879	22.23	4.196
G	5066112859	25.38	988232759	22.22	5.126
T	5338634971	26.74	1234891044	27.77	4.323
AA	1545104717	7.80	368732221	8.29	4.190
AC	1007004549	5.08	244294377	5.50	4.122
AG	1378773399	6.96	276904652	6.23	4.979
AT	1453976693	7.34	344848927	7.76	4.216
CA	1234434560	6.23	308296740	6.94	4.004
CC	932520736	4.71	240688810	5.41	3.874
CG	831142162	4.19	162160755	3.65	5.125
CT	1112936371	5.62	276935878	6.23	4.019
GA	1506379694	7.60	292602109	6.58	5.148
GC	1011494932	5.10	210481053	4.73	4.806
GG	1285497824	6.49	240686117	5.41	5.341
GT	1225285575	6.18	244170162	5.49	5.018
TA	1080546024	5.45	265147590	5.96	4.075
TC	1162641273	5.87	292632610	6.58	3.973
TG	1529877705	7.72	308174758	6.93	4.964
TT	1520027885	7.67	368594334	8.29	4.124
