(di-)nucleotide	count sample	percent sample	count genomic	percent genomic	coverage
A	5532331933	27.25	1235120021	27.78	4.479
C	4196254701	20.67	988389879	22.23	4.246
G	5162260483	25.43	988232759	22.22	5.224
T	5409117083	26.65	1234891044	27.77	4.380
AA	1588901511	7.88	368732221	8.29	4.309
AC	1023929339	5.08	244294377	5.50	4.191
AG	1410968749	7.00	276904652	6.23	5.096
AT	1481352281	7.35	344848927	7.76	4.296
CA	1254280847	6.22	308296740	6.94	4.068
CC	939231910	4.66	240688810	5.41	3.902
CG	844113044	4.19	162160755	3.65	5.205
CT	1121713377	5.57	276935878	6.23	4.050
GA	1541987452	7.65	292602109	6.58	5.270
GC	1026324394	5.09	210481053	4.73	4.876
GG	1313550254	6.52	240686117	5.41	5.458
GT	1242318380	6.16	244170162	5.49	5.088
TA	1101404560	5.47	265147590	5.96	4.154
TC	1173099382	5.82	292632610	6.58	4.009
TG	1551733927	7.70	308174758	6.93	5.035
TT	1537218227	7.63	368594334	8.29	4.170
