(di-)nucleotide	count sample	percent sample	count genomic	percent genomic	coverage
A	5697071817	26.90	1235120021	27.78	4.613
C	4418056222	20.86	988389879	22.23	4.470
G	5413076431	25.56	988232759	22.22	5.478
T	5651920952	26.69	1234891044	27.77	4.577
AA	1611650405	7.67	368732221	8.29	4.371
AC	1065291494	5.07	244294377	5.50	4.361
AG	1463267464	6.96	276904652	6.23	5.284
AT	1529465474	7.27	344848927	7.76	4.435
CA	1304300404	6.20	308296740	6.94	4.231
CC	996341238	4.74	240688810	5.41	4.140
CG	894644178	4.26	162160755	3.65	5.517
CT	1183374063	5.63	276935878	6.23	4.273
GA	1599135477	7.61	292602109	6.58	5.465
GC	1085951012	5.16	210481053	4.73	5.159
GG	1381762196	6.57	240686117	5.41	5.741
GT	1306636682	6.21	244170162	5.49	5.351
TA	1134279512	5.39	265147590	5.96	4.278
TC	1234241972	5.87	292632610	6.58	4.218
TG	1629481115	7.75	308174758	6.93	5.288
TT	1605595651	7.64	368594334	8.29	4.356
